
******************************************
               Running on cuda:0 
******************************************
Regulariser          :                 None
Dataset              :                  DTD
Downloading https://thor.robots.ox.ac.uk/dtd/dtd-r1.0.1.tar.gz to dtd/dtd-r1.0.1.tar.gz
Extracting dtd/dtd-r1.0.1.tar.gz to dtd
Data size            :        (3760, 67500)
Classes              :           (3760, 47)
No. Samples          :                 3760
Dimensions           :              3172500
x0                   :              uniform
Algorithm            :       CubicRegNewton
..............................................................................................................................
     ite     |    orcs     |    time     |  findM_Ite  | cubicSolve  |  cubicOpt   |      f      |   g_norm    |     acc     
..............................................................................................................................
      0      |      0      |    0.00     |      0      |      0      |  0.00e+00   | 3.9436e+00  | 2.1047e-02  |    0.00     
      1      |    1477     |    58.16    |      2      |     65      |  7.67e-10   | 3.8377e+00  | 8.7973e-03  |    0.00     
      2      |    1972     |    77.59    |      0      |     120     |  5.81e-10   | 3.8022e+00  | 3.1562e-03  |    0.00     
      3      |    2379     |    93.51    |      0      |     98      |  7.06e-10   | 3.7654e+00  | 2.7130e-03  |    0.00     
      4      |    2994     |   117.71    |      0      |     150     |  7.29e-10   | 3.7218e+00  | 2.6454e-03  |    0.00     
      5      |    3795     |   149.33    |      0      |     197     |  9.52e-10   | 3.6687e+00  | 2.5677e-03  |    0.00     
      6      |    5026     |   198.04    |      0      |     304     |  8.71e-10   | 3.6016e+00  | 2.4665e-03  |    0.00     
      7      |    6825     |   269.33    |      0      |     446     |  8.80e-10   | 3.5149e+00  | 2.3316e-03  |    0.00     
      8      |    9144     |   361.31    |      0      |     576     |  9.27e-10   | 3.4022e+00  | 2.2214e-03  |    0.00     
      9      |    12667    |   501.16    |      0      |     877     |  9.94e-10   | 3.2568e+00  | 2.0803e-03  |    0.00     
     10      |    18102    |   717.04    |      0      |    1355     |  8.43e-10   | 3.0726e+00  | 1.8923e-03  |    0.00     
     11      |    26389    |   1046.37   |      0      |    2068     |  9.82e-10   | 2.8448e+00  | 1.7596e-03  |    0.00     
     12      |    39112    |   1552.05   |      0      |    3177     |  9.78e-10   | 2.5715e+00  | 1.6036e-03  |    0.00     
     13      |    58863    |   2337.28   |      0      |    4934     |  9.88e-10   | 2.2562e+00  | 1.3917e-03  |    0.00     
     14      |    90070    |   3577.99   |      0      |    7798     |  9.34e-10   | 1.9090e+00  | 1.1668e-03  |    0.00     
     15      |   130087    |   5169.00   |      0      |    10001    |  1.21e-07   | 1.5477e+00  | 9.0048e-04  |    0.00     

******************************************
               Running on cuda:0 
******************************************
Regulariser          :                 None
Dataset              :                  DTD
Data size            :        (3760, 67500)
Classes              :           (3760, 47)
No. Samples          :                 3760
Dimensions           :              3172500
x0                   :              uniform
Algorithm            :    AccCubicRegNewton
............................................................................................................................................
     ite     |    orcs     |    time     |  auxSolve   |   auxOpt    | cubicSolve  |  cubicOpt   |      f      |   g_norm    |     acc     
............................................................................................................................................
      0      |      0      |    0.00     |      0      |  0.00e+00   |      0      |  0.00e+00   | 3.9436e+00  | 2.1047e-02  |    0.00     
      1      |     726     |    28.68    |      0      |  0.00e+00   |     178     |  9.26e-10   | 3.8307e+00  | 2.0707e-02  |    0.00     
      2      |    1300     |    51.26    |      0      |  0.00e+00   |     139     |  7.36e-10   | 3.8122e+00  | 5.4416e-03  |    0.00     
      3      |    41392    |   1644.49   |     11      |  4.64e-10   |    10001    |  1.79e-09   | 3.8450e+00  | 4.6111e-02  |    0.00     
      4      |    41598    |   1652.53   |     16      |  9.90e-10   |     48      |  8.41e-10   | 3.8433e+00  | 2.2694e-02  |    0.00     
      5      |    41792    |   1677.68   |    10000    |  2.94e-08   |     45      |  9.33e-10   | 3.8128e+00  | 1.2109e-02  |    0.00     
      6      |    41988    |   1685.30   |     17      |  5.02e-10   |     45      |  9.28e-10   | 3.7776e+00  | 1.0339e-02  |    0.00     
      7      |    42202    |   1716.96   |    10000    |  5.11e-09   |     50      |  7.11e-10   | 3.7750e+00  | 2.1830e-02  |    0.00     
      8      |    42424    |   1726.00   |     151     |  7.09e-11   |     52      |  7.88e-10   | 3.8268e+00  | 5.0366e-02  |    0.00     
      9      |    42646    |   1763.11   |    10000    |  4.44e-08   |     52      |  9.25e-10   | 3.8656e+00  | 1.4908e-02  |    0.00     
     10      |    42852    |   1801.15   |    10000    |  2.41e-09   |     48      |  5.00e-10   | 3.9022e+00  | 1.4996e-02  |    0.00     
     11      |    43034    |   1844.37   |    10000    |  2.38e-09   |     42      |  6.45e-10   | 3.8159e+00  | 1.4598e-02  |    0.00     
     12      |    43238    |   1890.43   |    10000    |  2.06e-08   |     47      |  7.18e-10   | 3.7034e+00  | 1.9707e-02  |    0.00     
     13      |    43444    |   1898.57   |     30      |  6.42e-10   |     48      |  9.22e-10   | 3.6828e+00  | 1.7500e-02  |    0.00     
     14      |    43666    |   1950.74   |    10000    |  1.13e-08   |     52      |  4.68e-10   | 3.7131e+00  | 1.3884e-02  |    0.00     
     15      |    43852    |   2003.64   |    10000    |  9.12e-08   |     43      |  6.28e-10   | 3.6784e+00  | 1.2174e-02  |    0.00     
     16      |    44058    |   2056.14   |    10000    |  2.41e-09   |     48      |  4.78e-10   | 3.6568e+00  | 3.6861e-02  |    0.00     
     17      |    44284    |   2111.75   |    10000    |  1.34e-07   |     53      |  7.99e-10   | 3.7076e+00  | 2.2725e-02  |    0.00     
     18      |    44462    |   2167.22   |    10000    |  1.13e-07   |     41      |  7.45e-10   | 3.7285e+00  | 1.4581e-02  |    0.00     
     19      |    44676    |   2228.46   |    10000    |  4.15e-08   |     48      |  9.72e-10   | 3.6407e+00  | 1.3726e-02  |    0.00     
     20      |    44882    |   2291.17   |    10000    |  8.47e-08   |     48      |  7.15e-10   | 3.6087e+00  | 4.1179e-02  |    0.00     
     21      |    45114    |   2356.82   |    10000    |  5.42e-07   |     54      |  6.06e-10   | 3.6953e+00  | 2.0456e-02  |    0.00     
     22      |    45300    |   2422.69   |    10000    |  1.94e-07   |     43      |  7.63e-10   | 3.7806e+00  | 1.5015e-02  |    0.00     
     23      |    45466    |   2489.80   |    10000    |  5.68e-08   |     38      |  5.01e-10   | 3.7341e+00  | 1.4975e-02  |    0.00     
     24      |    45648    |   2559.48   |    10000    |  6.40e-08   |     42      |  6.98e-10   | 3.5034e+00  | 4.1590e-03  |    0.00     
     25      |    46500    |   2657.80   |    10000    |  2.99e-07   |     209     |  9.68e-10   | 3.5163e+00  | 4.4815e-02  |    0.00     
     26      |    46700    |   2731.58   |    10000    |  6.33e-09   |     46      |  9.40e-10   | 3.5531e+00  | 1.4176e-02  |    0.00     
     27      |    46882    |   2807.08   |    10000    |  5.33e-08   |     42      |  6.87e-10   | 3.6157e+00  | 2.2414e-02  |    0.00     
     28      |    47072    |   2884.63   |    10000    |  1.83e-07   |     44      |  9.56e-10   | 3.5888e+00  | 1.4329e-02  |    0.00     
     29      |    47242    |   2963.56   |    10000    |  2.51e-08   |     39      |  9.89e-10   | 3.4414e+00  | 1.2547e-02  |    0.00     
     30      |    47824    |   3060.75   |    10000    |  1.72e-09   |     140     |  9.32e-10   | 3.5882e+00  | 1.2978e-01  |    0.00     
     31      |    48096    |   3148.21   |    10000    |  2.32e-06   |     64      |  7.95e-10   | 3.7318e+00  | 1.5050e-02  |    0.00     
     32      |    48294    |   3234.06   |    10000    |  1.79e-07   |     46      |  9.05e-10   | 4.0658e+00  | 1.5056e-02  |    0.00     
     33      |    48478    |   3321.48   |    10000    |  2.17e-07   |     42      |  8.75e-10   | 4.3118e+00  | 1.5056e-02  |    0.00     
     34      |    48644    |   3412.51   |    10000    |  1.18e-06   |     38      |  6.49e-10   | 4.4719e+00  | 1.5056e-02  |    0.00     
     35      |    48822    |   3514.00   |    10000    |  4.85e-07   |     41      |  9.40e-10   | 4.5453e+00  | 1.5056e-02  |    0.00     
     36      |    48990    |   3616.94   |    10000    |  8.86e-07   |     36      |  9.92e-10   | 4.5251e+00  | 1.5056e-02  |    0.00     
     37      |    49142    |   3720.96   |    10000    |  4.37e-07   |     35      |  7.42e-10   | 4.3981e+00  | 1.5056e-02  |    0.00     
     38      |    49296    |   3826.93   |    10000    |  5.57e-07   |     35      |  6.41e-10   | 4.1537e+00  | 1.5056e-02  |    0.00     
     39      |    49464    |   3934.53   |    10000    |  4.14e-07   |     38      |  6.32e-10   | 3.8043e+00  | 1.5055e-02  |    0.00     
     40      |    49622    |   4043.19   |    10000    |  1.20e-06   |     36      |  9.79e-10   | 3.3822e+00  | 1.4967e-02  |    0.00     
     41      |    89710    |   5740.57   |    10000    |  2.41e-07   |    10001    |  2.11e-09   | 3.2286e+00  | 9.3386e-03  |    0.00     
     42      |    90062    |   5860.81   |    10000    |  7.57e-08   |     84      |  8.66e-10   | 3.6002e+00  | 1.5052e-02  |    0.00     
     43      |    90374    |   5980.90   |    10000    |  3.06e-07   |     75      |  9.12e-10   | 3.2939e+00  | 8.6995e-02  |    0.00     
     44      |    90582    |   6099.37   |    10000    |  2.42e-07   |     48      |  4.18e-10   | 3.2370e+00  | 1.4322e-02  |    0.00     
     45      |    90780    |   6219.26   |    10000    |  3.28e-08   |     46      |  9.41e-10   | 3.3082e+00  | 4.6725e-02  |    0.00     
     46      |    90930    |   6339.34   |    10000    |  1.05e-06   |     34      |  6.80e-10   | 3.3499e+00  | 1.9466e-02  |    0.00     
     47      |    91096    |   6461.76   |    10000    |  1.17e-06   |     38      |  9.72e-10   | 3.4279e+00  | 2.9020e-02  |    0.00     
     48      |    91294    |   6587.06   |    10000    |  4.05e-07   |     46      |  3.30e-10   | 3.4178e+00  | 1.5679e-02  |    0.00     
     49      |    91460    |   6713.45   |    10000    |  1.39e-07   |     38      |  5.76e-10   | 3.2988e+00  | 1.7717e-02  |    0.00     
     50      |    91622    |   6837.91   |    10000    |  1.09e-08   |     37      |  8.09e-10   | 3.1105e+00  | 2.8678e-02  |    0.00     
     51      |   131710    |   8554.86   |    10000    |  6.34e-08   |    10001    |  1.34e-09   | 3.1266e+00  | 3.6407e-02  |    0.00     

******************************************
               Running on cuda:0 
******************************************
Regulariser          :                 None
Dataset              :                  DTD
Data size            :        (3760, 67500)
Classes              :           (3760, 47)
No. Samples          :                 3760
Dimensions           :              3172500
x0                   :              uniform
Algorithm            :                 NATA
............................................................................................................................................
     ite     |    orcs     |    time     |  auxSolve   |   auxOpt    | cubicSolve  |  cubicOpt   |      f      |   g_norm    |     acc     
............................................................................................................................................
      0      |      0      |    0.00     |      0      |  0.00e+00   |      0      |  0.00e+00   | 3.9436e+00  | 2.1047e-02  |    0.00     
      1      | 1.00001e+10 |   4692.06   |      5      |  9.98e-10   |     222     |  8.69e-10   | 3.8335e+00  | 2.8371e-02  |    0.00     

******************************************
               Running on cuda:0 
******************************************
Regulariser          :                 None
Dataset              :                  DTD
Data size            :        (3760, 67500)
Classes              :           (3760, 47)
No. Samples          :                 3760
Dimensions           :              3172500
x0                   :              uniform
Algorithm            :             OptMS_CR
..................................................................................................
     ite     |    orcs     |    time     |  CRSolveIt  |      f      |   g_norm    |     acc     
..................................................................................................
      0      |      0      |    0.00     |      0      | 3.9436e+00  | 2.1047e-02  |    0.00     
      1      |     172     |    4.89     |     83      | 3.8601e+00  | 8.9290e-03  |    0.00     
      2      |     188     |    5.21     |      5      | 3.8362e+00  | 3.8191e-03  |    0.00     
      3      |     204     |    5.53     |      5      | 3.8141e+00  | 3.0932e-03  |    0.00     
      4      |     220     |    5.85     |      5      | 3.7792e+00  | 2.8635e-03  |    0.00     
      5      |     248     |    6.54     |     11      | 3.7509e+00  | 2.7158e-03  |    0.00     
      6      |     266     |    6.91     |      6      | 3.7169e+00  | 2.6550e-03  |    0.00     
      7      |     304     |    7.92     |     16      | 3.7052e+00  | 2.6382e-03  |    0.00     
      8      |     322     |    8.30     |      6      | 3.6693e+00  | 2.4787e-03  |    0.00     
      9      |     360     |    9.31     |     16      | 3.6566e+00  | 2.5147e-03  |    0.00     
     10      |     378     |    9.68     |      6      | 3.6187e+00  | 2.5006e-03  |    0.00     
     11      |     434     |    11.27    |     25      | 3.6156e+00  | 2.4968e-03  |    0.00     
     12      |     458     |    11.86    |      9      | 3.5967e+00  | 2.5684e-03  |    0.00     
     13      |     474     |    12.18    |      5      | 3.5700e+00  | 2.3773e-03  |    0.00     
     14      |     490     |    12.49    |      5      | 3.5282e+00  | 2.3456e-03  |    0.00     
     15      |     540     |    13.88    |     22      | 3.5209e+00  | 2.3356e-03  |    0.00     
     16      |     566     |    14.51    |     10      | 3.5001e+00  | 2.3328e-03  |    0.00     
     17      |     582     |    14.83    |      5      | 3.4700e+00  | 2.3127e-03  |    0.00     
     18      |     616     |    15.74    |     14      | 3.4593e+00  | 2.2865e-03  |    0.00     
     19      |     632     |    16.05    |      5      | 3.4279e+00  | 2.2773e-03  |    0.00     
     20      |     648     |    16.37    |      5      | 3.3801e+00  | 2.2546e-03  |    0.00     
     21      |     666     |    16.75    |      6      | 3.3071e+00  | 2.1144e-03  |    0.00     
     22      |     688     |    17.23    |      8      | 3.1951e+00  | 2.1133e-03  |    0.00     
     23      |     768     |    19.51    |     37      | 3.1906e+00  | 2.1104e-03  |    0.00     
     24      |     836     |    21.48    |     31      | 3.1876e+00  | 2.1013e-03  |    0.00     
     25      |     874     |    22.49    |     16      | 3.1706e+00  | 2.0651e-03  |    0.00     
     26      |     900     |    23.12    |     10      | 3.1466e+00  | 2.0461e-03  |    0.00     
     27      |     916     |    23.44    |      5      | 3.1124e+00  | 2.0110e-03  |    0.00     
     28      |     932     |    23.76    |      5      | 3.0621e+00  | 1.9845e-03  |    0.00     
     29      |     982     |    25.14    |     22      | 3.0533e+00  | 1.9446e-03  |    0.00     
     30      |     998     |    25.46    |      5      | 3.0023e+00  | 1.9248e-03  |    0.00     
     31      |    1026     |    26.15    |     11      | 2.9658e+00  | 1.8417e-03  |    0.00     
     32      |    1052     |    26.79    |     10      | 2.9405e+00  | 1.8125e-03  |    0.00     
     33      |    1068     |    27.11    |      5      | 2.9052e+00  | 1.8126e-03  |    0.00     
     34      |    1086     |    27.48    |      6      | 2.8534e+00  | 1.7592e-03  |    0.00     
     35      |    1138     |    28.97    |     23      | 2.8489e+00  | 1.7382e-03  |    0.00     
     36      |    1162     |    29.55    |      9      | 2.8236e+00  | 1.7044e-03  |    0.00     
     37      |    1178     |    29.87    |      5      | 2.7880e+00  | 1.6808e-03  |    0.00     
     38      |    1194     |    30.19    |      5      | 2.7368e+00  | 1.6840e-03  |    0.00     
     39      |    1242     |    31.52    |     21      | 2.7279e+00  | 1.6301e-03  |    0.00     
     40      |    1268     |    32.16    |     10      | 2.7027e+00  | 1.6080e-03  |    0.00     
     41      |    1284     |    32.48    |      5      | 2.6674e+00  | 1.5764e-03  |    0.00     
     42      |    1302     |    32.85    |      6      | 2.6166e+00  | 1.5457e-03  |    0.00     
     43      |    1348     |    34.13    |     20      | 2.6079e+00  | 1.5418e-03  |    0.00     
     44      |    1374     |    34.76    |     10      | 2.5832e+00  | 1.5207e-03  |    0.00     
     45      |    1388     |    35.03    |      4      | 2.5486e+00  | 1.4813e-03  |    0.00     
     46      |    1406     |    35.40    |      6      | 2.4989e+00  | 1.4717e-03  |    0.00     
     47      |    1442     |    36.36    |     15      | 2.4816e+00  | 1.4607e-03  |    0.00     
     48      |    1458     |    36.68    |      5      | 2.4331e+00  | 1.3975e-03  |    0.00     
     49      |    1506     |    38.01    |     21      | 2.4246e+00  | 1.4014e-03  |    0.00     
     50      |    1524     |    38.38    |      6      | 2.3766e+00  | 1.3785e-03  |    0.00     
     51      |    1544     |    38.80    |      7      | 2.3081e+00  | 1.3206e-03  |    0.00     
     52      |    1612     |    40.77    |     31      | 2.3051e+00  | 1.3182e-03  |    0.00     
     53      |    1658     |    42.04    |     20      | 2.2970e+00  | 1.3122e-03  |    0.00     
     54      |    1674     |    42.36    |      5      | 2.2510e+00  | 1.2698e-03  |    0.00     
     55      |    1712     |    43.37    |     16      | 2.2350e+00  | 1.2607e-03  |    0.00     
     56      |    1730     |    43.75    |      6      | 2.1899e+00  | 1.2309e-03  |    0.00     
     57      |    1778     |    45.07    |     21      | 2.1821e+00  | 1.2363e-03  |    0.00     
     58      |    1796     |    45.45    |      6      | 2.1379e+00  | 1.2063e-03  |    0.00     
     59      |    1844     |    46.77    |     21      | 2.1302e+00  | 1.2060e-03  |    0.00     
     60      |    1862     |    47.15    |      6      | 2.0868e+00  | 1.1729e-03  |    0.00     
     61      |    1882     |    47.57    |      7      | 2.0255e+00  | 1.1305e-03  |    0.00     
     62      |    1904     |    48.05    |      8      | 1.9397e+00  | 1.0656e-03  |    0.00     
     63      |    1986     |    50.44    |     38      | 1.9379e+00  | 1.0627e-03  |    0.00     
     64      |    2050     |    52.30    |     29      | 1.9354e+00  | 1.0663e-03  |    0.00     
     65      |    2086     |    53.26    |     15      | 1.9214e+00  | 1.0593e-03  |    0.00     
     66      |    2102     |    53.58    |      5      | 1.8823e+00  | 1.0850e-03  |    0.00     
     67      |    2122     |    54.00    |      7      | 1.8274e+00  | 9.6478e-04  |    0.00     
     68      |    2176     |    55.49    |     24      | 1.8179e+00  | 9.7624e-04  |    0.00     
     69      |    2196     |    55.92    |      7      | 1.7647e+00  | 1.0474e-03  |    0.00     
     70      |    2256     |    57.62    |     27      | 1.7602e+00  | 1.0119e-03  |    0.00     
     71      |    2276     |    58.04    |      7      | 1.7087e+00  | 8.8426e-04  |    0.00     
     72      |    2340     |    59.90    |     29      | 1.7065e+00  | 8.8630e-04  |    0.00     
     73      |    2376     |    60.86    |     15      | 1.6942e+00  | 9.1799e-04  |    0.00     
     74      |    2394     |    61.23    |      6      | 1.6597e+00  | 9.0954e-04  |    0.00     
     75      |    2438     |    62.45    |     19      | 1.6537e+00  | 9.0684e-04  |    0.00     
     76      |    2454     |    62.77    |      5      | 1.6201e+00  | 9.0691e-04  |    0.00     
     77      |    2474     |    63.20    |      7      | 1.5731e+00  | 8.7993e-04  |    0.00     
     78      |    2540     |    65.11    |     30      | 1.5710e+00  | 8.7794e-04  |    0.00     
     79      |    2586     |    66.39    |     20      | 1.5654e+00  | 8.7495e-04  |    0.00     
     80      |    2604     |    66.76    |      6      | 1.5336e+00  | 8.6940e-04  |    0.00     
     81      |    2624     |    67.18    |      7      | 1.4892e+00  | 8.4869e-04  |    0.00     
     82      |    2688     |    69.04    |     29      | 1.4873e+00  | 8.4720e-04  |    0.00     
     83      |    2706     |    69.42    |      6      | 1.4445e+00  | 8.4037e-04  |    0.00     
     84      |    2772     |    71.33    |     30      | 1.4427e+00  | 8.3627e-04  |    0.00     
     85      |    2818     |    72.60    |     20      | 1.4375e+00  | 8.2892e-04  |    0.00     
     86      |    2836     |    72.98    |      6      | 1.4086e+00  | 8.0526e-04  |    0.00     
     87      |    2856     |    73.40    |      7      | 1.3682e+00  | 7.9380e-04  |    0.00     
     88      |    2914     |    75.05    |     26      | 1.3648e+00  | 7.9031e-04  |    0.00     
     89      |    2934     |    75.47    |      7      | 1.3259e+00  | 7.7293e-04  |    0.00     
     90      |    2998     |    77.33    |     29      | 1.3242e+00  | 7.6989e-04  |    0.00     
     91      |    3044     |    78.61    |     20      | 1.3195e+00  | 7.6436e-04  |    0.00     
     92      |    3060     |    78.93    |      5      | 1.2933e+00  | 7.5583e-04  |    0.00     
     93      |    3080     |    79.35    |      7      | 1.2568e+00  | 7.2142e-04  |    0.00     
     94      |    3132     |    80.79    |     23      | 1.2505e+00  | 7.1626e-04  |    0.00     
     95      |    3152     |    81.21    |      7      | 1.2153e+00  | 7.0233e-04  |    0.00     
     96      |    3214     |    83.02    |     28      | 1.2138e+00  | 7.0011e-04  |    0.00     
     97      |    3250     |    83.98    |     15      | 1.2053e+00  | 6.9500e-04  |    0.00     
     98      |    3266     |    84.29    |      5      | 1.1817e+00  | 6.8486e-04  |    0.00     
     99      |    3288     |    84.77    |      8      | 1.1487e+00  | 6.4188e-04  |    0.00     
     100     |    3350     |    86.58    |     28      | 1.1473e+00  | 6.4066e-04  |    0.00     
     101     |    3370     |    87.00    |      7      | 1.1155e+00  | 6.3126e-04  |    0.00     
     102     |    3434     |    88.86    |     29      | 1.1141e+00  | 6.2914e-04  |    0.00     
     103     |    3454     |    89.29    |      7      | 1.0834e+00  | 6.2857e-04  |    0.00     
     104     |    3518     |    91.15    |     29      | 1.0821e+00  | 6.2248e-04  |    0.00     
     105     |    3556     |    92.16    |     16      | 1.0746e+00  | 6.1230e-04  |    0.00     
     106     |    3574     |    92.53    |      6      | 1.0539e+00  | 5.9094e-04  |    0.00     
     107     |    3594     |    92.96    |      7      | 1.0251e+00  | 6.0312e-04  |    0.00     
     108     |    3652     |    94.60    |     26      | 1.0226e+00  | 5.9721e-04  |    0.00     
     109     |    3670     |    94.98    |      6      | 9.9490e-01  | 5.7954e-04  |    0.00     
     110     |    3720     |    96.36    |     22      | 9.9011e-01  | 5.7774e-04  |    0.00     
     111     |    3740     |    96.78    |      7      | 9.6337e-01  | 5.7704e-04  |    0.00     
     112     |    3798     |    98.43    |     26      | 9.6107e-01  | 5.7323e-04  |    0.00     
     113     |    3818     |    98.86    |      7      | 9.3528e-01  | 5.5977e-04  |    0.00     
     114     |    3876     |   100.50    |     26      | 9.3306e-01  | 5.5818e-04  |    0.00     
     115     |    3896     |   100.93    |      7      | 9.0815e-01  | 5.5309e-04  |    0.00     
     116     |    3946     |   102.31    |     22      | 9.0385e-01  | 5.4767e-04  |    0.00     
     117     |    3964     |   102.68    |      6      | 8.7992e-01  | 5.3410e-04  |    0.00     
     118     |    4022     |   104.33    |     26      | 8.7786e-01  | 5.3425e-04  |    0.00     
     119     |    4042     |   104.76    |      7      | 8.5472e-01  | 5.3416e-04  |    0.00     
     120     |    4100     |   106.40    |     26      | 8.5272e-01  | 5.2917e-04  |    0.00     
     121     |    4120     |   106.83    |      7      | 8.3035e-01  | 5.0675e-04  |    0.00     
     122     |    4144     |   107.36    |      9      | 7.9952e-01  | 5.0303e-04  |    0.00     
     123     |    4220     |   109.59    |     35      | 7.9886e-01  | 5.0013e-04  |    0.00     
     124     |    4278     |   111.24    |     26      | 7.9702e-01  | 4.9648e-04  |    0.00     
     125     |    4296     |   111.61    |      6      | 7.7644e-01  | 4.8418e-04  |    0.00     
     126     |    4346     |   112.99    |     22      | 7.7288e-01  | 4.8106e-04  |    0.00     
     127     |    4366     |   113.42    |      7      | 7.5301e-01  | 4.6538e-04  |    0.00     
     128     |    4390     |   113.95    |      9      | 7.2562e-01  | 4.6160e-04  |    0.00     
     129     |    4466     |   116.18    |     35      | 7.2503e-01  | 4.5522e-04  |    0.00     
     130     |    4522     |   117.78    |     25      | 7.2339e-01  | 4.5326e-04  |    0.00     
     131     |    4542     |   118.20    |      7      | 7.0504e-01  | 4.4501e-04  |    0.00     
     132     |    4600     |   119.85    |     26      | 7.0346e-01  | 4.4276e-04  |    0.00     
     133     |    4618     |   120.22    |      6      | 6.8575e-01  | 4.3993e-04  |    0.00     
     134     |    4642     |   120.75    |      9      | 6.6129e-01  | 4.4199e-04  |    0.00     
     135     |    4714     |   122.83    |     33      | 6.6024e-01  | 4.4065e-04  |    0.00     
     136     |    4738     |   123.36    |      9      | 6.3690e-01  | 4.3981e-04  |    0.00     
     137     |    4812     |   125.48    |     34      | 6.3589e-01  | 4.3862e-04  |    0.00     
     138     |    4834     |   125.96    |      8      | 6.1362e-01  | 4.3838e-04  |    0.00     
     139     |    4910     |   128.14    |     35      | 6.1266e-01  | 4.3683e-04  |    0.00     
     140     |    4934     |   128.67    |      9      | 5.9134e-01  | 4.3223e-04  |    0.00     
     141     |    5008     |   130.80    |     34      | 5.9043e-01  | 4.3192e-04  |    0.00     
     142     |    5030     |   131.28    |      8      | 5.7010e-01  | 4.2700e-04  |    0.00     
     143     |    5080     |   132.61    |     22      | 5.6311e-01  | 4.3241e-04  |    0.00     
     144     |    5124     |   133.78    |     19      | 5.5828e-01  | 4.2818e-04  |    0.00     
     145     |    5144     |   134.20    |      7      | 5.4487e-01  | 4.2181e-04  |    0.00     
     146     |    5194     |   135.59    |     22      | 5.4255e-01  | 4.2306e-04  |    0.00     
     147     |    5212     |   135.96    |      6      | 5.2959e-01  | 4.2743e-04  |    0.00     
     148     |    5234     |   136.44    |      8      | 5.1176e-01  | 4.1572e-04  |    0.00     
     149     |    5306     |   138.51    |     33      | 5.1099e-01  | 4.1644e-04  |    0.00     
     150     |    5356     |   139.89    |     22      | 5.0884e-01  | 4.1708e-04  |    0.00     
     151     |    5374     |   140.26    |      6      | 4.9688e-01  | 4.1755e-04  |    0.00     
     152     |    5398     |   140.80    |      9      | 4.8039e-01  | 4.1022e-04  |    0.00     
     153     |    5458     |   142.44    |     27      | 4.7755e-01  | 4.1051e-04  |    0.00     
     154     |    5480     |   142.92    |      8      | 4.6185e-01  | 4.0907e-04  |    0.00     
     155     |    5550     |   144.94    |     32      | 4.6118e-01  | 4.0749e-04  |    0.00     
     156     |    5582     |   145.74    |     13      | 4.5360e-01  | 4.0386e-04  |    0.00     
     157     |    5602     |   146.17    |      7      | 4.4320e-01  | 3.9946e-04  |    0.00     
     158     |    5656     |   147.71    |     24      | 4.4230e-01  | 3.9816e-04  |    0.00     
     159     |    5674     |   148.08    |      6      | 4.3224e-01  | 3.9535e-04  |    0.00     
     160     |    5696     |   148.56    |      8      | 4.1840e-01  | 3.9113e-04  |    0.00     
     161     |    5760     |   150.36    |     29      | 4.1721e-01  | 3.9047e-04  |    0.00     
     162     |    5782     |   150.84    |      8      | 4.0394e-01  | 3.8581e-04  |    0.00     
     163     |    5846     |   152.65    |     29      | 4.0280e-01  | 3.8462e-04  |    0.00     
     164     |    5868     |   153.13    |      8      | 3.9010e-01  | 3.8087e-04  |    0.00     
     165     |    5938     |   155.15    |     32      | 3.8955e-01  | 3.7964e-04  |    0.00     
     166     |    5960     |   155.63    |      8      | 3.7739e-01  | 3.7021e-04  |    0.00     
     167     |    6024     |   157.43    |     29      | 3.7634e-01  | 3.7063e-04  |    0.00     
     168     |    6046     |   157.91    |      8      | 3.6469e-01  | 3.6910e-04  |    0.00     
     169     |    6102     |   159.46    |     25      | 3.6268e-01  | 3.6705e-04  |    0.00     
     170     |    6124     |   159.93    |      8      | 3.5155e-01  | 3.5600e-04  |    0.00     
     171     |    6178     |   161.42    |     24      | 3.4963e-01  | 3.5723e-04  |    0.00     
     172     |    6198     |   161.85    |      7      | 3.3901e-01  | 3.5354e-04  |    0.00     
     173     |    6262     |   163.66    |     29      | 3.3810e-01  | 3.5281e-04  |    0.00     
     174     |    6282     |   164.08    |      7      | 3.2792e-01  | 3.4633e-04  |    0.00     
     175     |    6308     |   164.67    |     10      | 3.1405e-01  | 3.3900e-04  |    0.00     
     176     |    6390     |   167.01    |     38      | 3.1346e-01  | 3.3861e-04  |    0.00     
     177     |    6446     |   168.55    |     25      | 3.1181e-01  | 3.3768e-04  |    0.00     
     178     |    6466     |   168.97    |      7      | 3.0263e-01  | 3.3001e-04  |    0.00     
     179     |    6492     |   169.56    |     10      | 2.9011e-01  | 3.2492e-04  |    0.00     
     180     |    6582     |   172.16    |     42      | 2.8984e-01  | 3.2426e-04  |    0.00     
     181     |    6610     |   172.80    |     11      | 2.7799e-01  | 3.1847e-04  |    0.00     
     182     |    6696     |   175.30    |     40      | 2.7774e-01  | 3.1706e-04  |    0.00     
     183     |    6762     |   177.16    |     30      | 2.7703e-01  | 3.1522e-04  |    0.00     
     184     |    6784     |   177.64    |      8      | 2.6913e-01  | 3.0883e-04  |    0.00     
     185     |    6810     |   178.22    |     10      | 2.5836e-01  | 3.0099e-04  |    0.00     
     186     |    6898     |   180.77    |     41      | 2.5813e-01  | 3.0055e-04  |    0.00     
     187     |    6936     |   181.73    |     16      | 2.5297e-01  | 2.9750e-04  |    0.00     
     188     |    6982     |   183.01    |     20      | 2.5209e-01  | 2.9627e-04  |    0.00     
     189     |    7000     |   183.38    |      6      | 2.4714e-01  | 2.9214e-04  |    0.00     
     190     |    7020     |   183.81    |      7      | 2.4032e-01  | 2.8603e-04  |    0.00     
     191     |    7046     |   184.39    |     10      | 2.3100e-01  | 2.8156e-04  |    0.00     
     192     |    7078     |   185.14    |     13      | 2.1846e-01  | 2.7067e-04  |    0.00     
     193     |    7176     |   187.90    |     46      | 2.1793e-01  | 2.6955e-04  |    0.00     
     194     |    7206     |   188.59    |     12      | 2.0632e-01  | 2.5898e-04  |    0.00     
     195     |    7302     |   191.31    |     45      | 2.0583e-01  | 2.5779e-04  |    0.00     
     196     |    7334     |   192.05    |     13      | 1.9504e-01  | 2.4813e-04  |    0.00     
     197     |    7400     |   193.81    |     30      | 1.9140e-01  | 2.4363e-04  |    0.00     
     198     |    7476     |   195.93    |     35      | 1.9078e-01  | 2.4284e-04  |    0.00     
     199     |    7500     |   196.47    |      9      | 1.8388e-01  | 2.3555e-04  |    0.00     
     200     |    7532     |   197.21    |     13      | 1.7458e-01  | 2.2811e-04  |    0.00     
     201     |    7630     |   199.98    |     46      | 1.7418e-01  | 2.2573e-04  |    0.00     
     202     |    7704     |   202.05    |     34      | 1.7363e-01  | 2.2386e-04  |    0.00     
     203     |    7728     |   202.58    |      9      | 1.6753e-01  | 2.1294e-04  |    0.00     
     204     |    7758     |   203.27    |     12      | 1.5930e-01  | 2.0426e-04  |    0.00     
     205     |    7856     |   206.04    |     46      | 1.5894e-01  | 2.0459e-04  |    0.00     
     206     |    7932     |   208.17    |     35      | 1.5845e-01  | 2.0431e-04  |    0.00     
     207     |    7958     |   208.75    |     10      | 1.5303e-01  | 1.9776e-04  |    0.00     
     208     |    7988     |   209.44    |     12      | 1.4571e-01  | 1.8499e-04  |    0.00     
     209     |    8086     |   212.21    |     46      | 1.4540e-01  | 1.8366e-04  |    0.00     
     210     |    8116     |   212.90    |     12      | 1.3856e-01  | 1.7773e-04  |    0.00     
     211     |    8210     |   215.56    |     44      | 1.3827e-01  | 1.7699e-04  |    0.00     
     212     |    8242     |   216.31    |     13      | 1.3185e-01  | 1.6914e-04  |    0.00     
     213     |    8328     |   218.70    |     40      | 1.3130e-01  | 1.7007e-04  |    0.00     
     214     |    8356     |   219.34    |     11      | 1.2532e-01  | 1.6288e-04  |    0.00     
     215     |    8406     |   220.62    |     22      | 1.2127e-01  | 1.6103e-04  |    0.00     
     216     |    8478     |   222.64    |     33      | 1.2092e-01  | 1.6162e-04  |    0.00     
     217     |    8502     |   223.17    |      9      | 1.1713e-01  | 1.6146e-04  |    0.00     
     218     |    8568     |   224.98    |     30      | 1.1647e-01  | 1.5867e-04  |    0.00     
     219     |    8592     |   225.51    |      9      | 1.1286e-01  | 1.5003e-04  |    0.00     
     220     |    8620     |   226.15    |     11      | 1.0796e-01  | 1.4637e-04  |    0.00     
     221     |    8654     |   226.95    |     14      | 1.0144e-01  | 1.4801e-04  |    0.00     
     222     |    8774     |   230.35    |     57      | 1.0130e-01  | 1.3975e-04  |    0.00     
     223     |    8850     |   232.42    |     35      | 1.0053e-01  | 1.3817e-04  |    0.00     
     224     |    8878     |   233.06    |     11      | 9.6337e-02  | 1.3781e-04  |    0.00     
     225     |    8964     |   235.46    |     40      | 9.5978e-02  | 1.3683e-04  |    0.00     
     226     |    8992     |   236.10    |     11      | 9.2030e-02  | 1.3092e-04  |    0.00     
     227     |    9026     |   236.89    |     14      | 8.6751e-02  | 1.3102e-04  |    0.00     
     228     |    9136     |   239.98    |     52      | 8.6528e-02  | 1.2965e-04  |    0.00     
     229     |    9168     |   240.73    |     13      | 8.1677e-02  | 1.3007e-04  |    0.00     
     230     |    9272     |   243.65    |     49      | 8.1471e-02  | 1.2259e-04  |    0.00     
     231     |    9344     |   245.62    |     33      | 8.0897e-02  | 1.1933e-04  |    0.00     
     232     |    9370     |   246.20    |     10      | 7.7755e-02  | 1.1788e-04  |    0.00     
     233     |    9404     |   247.00    |     14      | 7.3541e-02  | 1.1968e-04  |    0.00     
     234     |    9506     |   249.87    |     48      | 7.3362e-02  | 1.1646e-04  |    0.00     
     235     |    9540     |   250.67    |     14      | 6.9459e-02  | 1.1768e-04  |    0.00     
     236     |    9638     |   253.44    |     46      | 6.9293e-02  | 1.1709e-04  |    0.00     
     237     |    9670     |   254.18    |     13      | 6.5678e-02  | 1.1537e-04  |    0.00     
     238     |    9762     |   256.74    |     43      | 6.5371e-02  | 1.1427e-04  |    0.00     
     239     |    9794     |   257.48    |     13      | 6.2019e-02  | 1.1354e-04  |    0.00     
     240     |    9886     |   260.04    |     43      | 6.1734e-02  | 1.1305e-04  |    0.00     
     241     |    9918     |   260.78    |     13      | 5.8626e-02  | 1.1132e-04  |    0.00     
     242     |    10008    |   263.28    |     42      | 5.8361e-02  | 1.1109e-04  |    0.00     
     243     |    10038    |   263.97    |     12      | 5.5474e-02  | 1.0917e-04  |    0.00     
     244     |    10118    |   266.16    |     37      | 5.4983e-02  | 1.0870e-04  |    0.00     
     245     |    10148    |   266.85    |     12      | 5.2311e-02  | 1.0599e-04  |    0.00     
     246     |    10228    |   269.03    |     37      | 5.1855e-02  | 1.0596e-04  |    0.00     
     247     |    10258    |   269.72    |     12      | 4.9376e-02  | 1.0409e-04  |    0.00     
     248     |    10336    |   271.85    |     36      | 4.8953e-02  | 1.0346e-04  |    0.00     
     249     |    10364    |   272.49    |     11      | 4.6653e-02  | 1.0084e-04  |    0.00     
     250     |    10400    |   273.34    |     15      | 4.3601e-02  | 9.8136e-05  |    0.00     
     251     |    10518    |   276.64    |     56      | 4.3472e-02  | 9.8076e-05  |    0.00     
     252     |    10570    |   277.97    |     23      | 4.2050e-02  | 9.6059e-05  |    0.00     
     253     |    10612    |   279.03    |     18      | 4.1091e-02  | 9.4901e-05  |    0.00     
     254     |    10636    |   279.57    |      9      | 3.9790e-02  | 9.3824e-05  |    0.00     
     255     |    10666    |   280.26    |     12      | 3.8024e-02  | 9.1191e-05  |    0.00     
     256     |    10698    |   281.00    |     13      | 3.5677e-02  | 8.8130e-05  |    0.00     
     257     |    10760    |   282.60    |     28      | 3.4112e-02  | 8.5099e-05  |    0.00     
     258     |    10844    |   284.94    |     39      | 3.3980e-02  | 8.5300e-05  |    0.00     
     259     |    10872    |   285.58    |     11      | 3.2539e-02  | 8.4969e-05  |    0.00     
     260     |    10906    |   286.38    |     14      | 3.0614e-02  | 7.9118e-05  |    0.00     
     261     |    10946    |   287.34    |     17      | 2.8108e-02  | 7.5916e-05  |    0.00     
     262     |    11078    |   291.01    |     63      | 2.8004e-02  | 7.6765e-05  |    0.00     
     263     |    11120    |   292.02    |     18      | 2.5767e-02  | 7.1443e-05  |    0.00     
     264     |    11244    |   295.48    |     59      | 2.5673e-02  | 7.2311e-05  |    0.00     
     265     |    11284    |   296.44    |     17      | 2.3677e-02  | 6.1811e-05  |    0.00     
     266     |    11420    |   300.32    |     65      | 2.3656e-02  | 6.6805e-05  |    0.00     
     267     |    11514    |   302.93    |     44      | 2.3540e-02  | 6.8540e-05  |    0.00     
     268     |    11546    |   303.67    |     13      | 2.2275e-02  | 6.3495e-05  |    0.00     
     269     |    11640    |   306.28    |     44      | 2.2168e-02  | 6.5677e-05  |    0.00     
     270     |    11670    |   306.97    |     12      | 2.0999e-02  | 6.0013e-05  |    0.00     
     271     |    11764    |   309.58    |     44      | 2.0900e-02  | 6.2397e-05  |    0.00     
     272     |    11806    |   310.64    |     18      | 2.0349e-02  | 6.0947e-05  |    0.00     
     273     |    11832    |   311.23    |     10      | 1.9609e-02  | 5.8078e-05  |    0.00     
     274     |    11896    |   312.98    |     29      | 1.9481e-02  | 6.1550e-05  |    0.00     
     275     |    11920    |   313.52    |      9      | 1.8782e-02  | 5.8808e-05  |    0.00     
     276     |    11948    |   314.16    |     11      | 1.7844e-02  | 5.2086e-05  |    0.00     
     277     |    12032    |   316.50    |     39      | 1.7764e-02  | 5.4735e-05  |    0.00     
     278     |    12062    |   317.19    |     12      | 1.6894e-02  | 5.0034e-05  |    0.00     
     279     |    12146    |   319.53    |     39      | 1.6819e-02  | 5.2440e-05  |    0.00     
     280     |    12176    |   320.22    |     12      | 1.6011e-02  | 4.8420e-05  |    0.00     
     281     |    12260    |   322.56    |     39      | 1.5942e-02  | 5.0577e-05  |    0.00     
     282     |    12288    |   323.20    |     11      | 1.5193e-02  | 4.7200e-05  |    0.00     
     283     |    12362    |   325.22    |     34      | 1.5065e-02  | 4.7825e-05  |    0.00     
     284     |    12388    |   325.81    |     10      | 1.4372e-02  | 4.4906e-05  |    0.00     
     285     |    12462    |   327.83    |     34      | 1.4254e-02  | 4.5511e-05  |    0.00     
     286     |    12488    |   328.41    |     10      | 1.3614e-02  | 4.2823e-05  |    0.00     
     287     |    12560    |   330.38    |     33      | 1.3504e-02  | 4.3460e-05  |    0.00     
     288     |    12586    |   330.97    |     10      | 1.2911e-02  | 4.1242e-05  |    0.00     
     289     |    12618    |   331.71    |     13      | 1.2128e-02  | 3.6857e-05  |    0.00     
     290     |    12724    |   334.69    |     50      | 1.2095e-02  | 3.8192e-05  |    0.00     
     291     |    12756    |   335.44    |     13      | 1.1384e-02  | 3.4834e-05  |    0.00     
     292     |    12852    |   338.10    |     45      | 1.1323e-02  | 3.5508e-05  |    0.00     
     293     |    12884    |   338.84    |     13      | 1.0678e-02  | 3.1440e-05  |    0.00     
     294     |    12980    |   341.50    |     45      | 1.0623e-02  | 3.2589e-05  |    0.00     
     295     |    13048    |   343.37    |     31      | 1.0547e-02  | 3.3722e-05  |    0.00     
     296     |    13072    |   343.90    |      9      | 1.0135e-02  | 3.2363e-05  |    0.00     
     297     |    13104    |   344.64    |     13      | 9.5871e-03  | 3.1352e-05  |    0.00     
     298     |    13196    |   347.20    |     43      | 9.5407e-03  | 3.1636e-05  |    0.00     
     299     |    13224    |   347.84    |     11      | 9.0408e-03  | 3.0443e-05  |    0.00     
     300     |    13292    |   349.65    |     31      | 8.8727e-03  | 2.9680e-05  |    0.00     
     301     |    13334    |   350.71    |     18      | 8.6443e-03  | 2.8390e-05  |    0.00     
     302     |    13372    |   351.67    |     16      | 8.4895e-03  | 2.9542e-05  |    0.00     
     303     |    13392    |   352.09    |      7      | 8.2786e-03  | 3.0758e-05  |    0.00     
     304     |    13416    |   352.63    |      9      | 7.9923e-03  | 2.9243e-05  |    0.00     
     305     |    13444    |   353.27    |     11      | 7.6103e-03  | 2.8207e-05  |    0.00     
     306     |    13478    |   354.07    |     14      | 7.1120e-03  | 2.6487e-05  |    0.00     
     307     |    13520    |   355.08    |     18      | 6.4841e-03  | 2.4864e-05  |    0.00     
     308     |    13626    |   357.95    |     50      | 6.3815e-03  | 2.5059e-05  |    0.00     
     309     |    13696    |   359.82    |     32      | 6.2427e-03  | 2.4431e-05  |    0.00     
     310     |    13728    |   360.56    |     13      | 5.8776e-03  | 2.2198e-05  |    0.00     
     311     |    13838    |   363.70    |     52      | 5.8699e-03  | 2.3418e-05  |    0.00     
     312     |    13872    |   364.50    |     14      | 5.5383e-03  | 2.2626e-05  |    0.00     
     313     |    13912    |   365.46    |     17      | 5.1132e-03  | 2.0587e-05  |    0.00     
     314     |    14038    |   368.97    |     60      | 5.0955e-03  | 2.1712e-05  |    0.00     
     315     |    14074    |   369.82    |     15      | 4.7233e-03  | 1.9172e-05  |    0.00     
     316     |    14198    |   373.28    |     59      | 4.7078e-03  | 1.9499e-05  |    0.00     
     317     |    14234    |   374.13    |     15      | 4.3799e-03  | 1.8347e-05  |    0.00     
     318     |    14348    |   377.27    |     54      | 4.3525e-03  | 1.8659e-05  |    0.00     
     319     |    14386    |   378.18    |     16      | 4.0630e-03  | 1.6678e-05  |    0.00     
     320     |    14520    |   381.95    |     64      | 4.0569e-03  | 1.7839e-05  |    0.00     
     321     |    14558    |   382.86    |     16      | 3.7978e-03  | 1.6006e-05  |    0.00     
     322     |    14676    |   386.16    |     56      | 3.7869e-03  | 1.6203e-05  |    0.00     
     323     |    14712    |   387.01    |     15      | 3.5548e-03  | 1.5656e-05  |    0.00     
     324     |    14756    |   388.08    |     19      | 3.2600e-03  | 1.4578e-05  |    0.00     
     325     |    14956    |   393.87    |     97      | 3.2598e-03  | 1.4537e-05  |    0.00     
     326     |    15096    |   397.91    |     67      | 3.2588e-03  | 1.4460e-05  |    0.00     
     327     |    15134    |   398.82    |     16      | 3.0761e-03  | 1.3523e-05  |    0.00     
     328     |    15254    |   402.27    |     57      | 3.0742e-03  | 1.3570e-05  |    0.00     
     329     |    15288    |   403.07    |     14      | 2.9080e-03  | 1.2789e-05  |    0.00     
     330     |    15332    |   404.14    |     19      | 2.6938e-03  | 1.2179e-05  |    0.00     
     331     |    15384    |   405.42    |     23      | 2.4279e-03  | 1.0527e-05  |    0.00     
     332     |    15598    |   411.54    |     104     | 2.4276e-03  | 1.0518e-05  |    0.00     
     333     |    15736    |   415.42    |     66      | 2.4238e-03  | 1.0521e-05  |    0.00     
     334     |    15776    |   416.38    |     17      | 2.2644e-03  | 9.9009e-06  |    0.00     
     335     |    15822    |   417.50    |     20      | 2.0636e-03  | 9.1952e-06  |    0.00     
     336     |    15928    |   420.32    |     50      | 1.9987e-03  | 8.7115e-06  |    0.00     
     337     |    16050    |   423.72    |     58      | 1.9933e-03  | 8.6124e-06  |    0.00     
     338     |    16086    |   424.58    |     15      | 1.8769e-03  | 8.1340e-06  |    0.00     
     339     |    16132    |   425.70    |     20      | 1.7282e-03  | 7.4083e-06  |    0.00     
     340     |    16264    |   429.31    |     63      | 1.7160e-03  | 7.4193e-06  |    0.00     
     341     |    16370    |   432.24    |     50      | 1.7075e-03  | 7.2725e-06  |    0.00     
     342     |    16400    |   432.93    |     12      | 1.6169e-03  | 6.9769e-06  |    0.00     
     343     |    16444    |   434.00    |     19      | 1.5001e-03  | 6.2019e-06  |    0.00     
     344     |    16610    |   438.78    |     80      | 1.4998e-03  | 6.2455e-06  |    0.00     
     345     |    16656    |   439.90    |     20      | 1.3961e-03  | 5.9436e-06  |    0.00     
     346     |    16816    |   444.43    |     77      | 1.3950e-03  | 5.8975e-06  |    0.00     
     347     |    16860    |   445.49    |     19      | 1.3029e-03  | 5.4940e-06  |    0.00     
     348     |    16910    |   446.72    |     22      | 1.1865e-03  | 4.8736e-06  |    0.00     
     349     |    17108    |   452.41    |     96      | 1.1864e-03  | 4.8629e-06  |    0.00     
     350     |    17230    |   455.76    |     58      | 1.1798e-03  | 4.8573e-06  |    0.00     
     351     |    17268    |   456.67    |     16      | 1.1093e-03  | 4.5884e-06  |    0.00     
     352     |    17318    |   457.89    |     22      | 1.0195e-03  | 4.1715e-06  |    0.00     
     353     |    17568    |   465.07    |     122     | 1.0195e-03  | 4.1854e-06  |    0.00     
     354     |    17726    |   469.64    |     76      | 1.0193e-03  | 4.2228e-06  |    0.00     
     355     |    17822    |   472.30    |     45      | 1.0157e-03  | 4.2179e-06  |    0.00     
     356     |    17854    |   473.05    |     13      | 9.7639e-04  | 3.9903e-06  |    0.00     
     357     |    17892    |   473.96    |     16      | 9.2431e-04  | 3.7724e-06  |    0.00     
     358     |    18012    |   477.31    |     57      | 9.2210e-04  | 3.7059e-06  |    0.00     
     359     |    18048    |   478.16    |     15      | 8.7447e-04  | 3.5849e-06  |    0.00     
     360     |    18092    |   479.23    |     19      | 8.1271e-04  | 3.1958e-06  |    0.00     
     361     |    18236    |   483.22    |     69      | 8.1013e-04  | 3.2216e-06  |    0.00     
     362     |    18280    |   484.28    |     19      | 7.5535e-04  | 3.0795e-06  |    0.00     
     363     |    18480    |   490.08    |     97      | 7.5531e-04  | 3.0844e-06  |    0.00     
     364     |    18616    |   494.01    |     65      | 7.5511e-04  | 3.0884e-06  |    0.00     
     365     |    18650    |   494.81    |     14      | 7.2043e-04  | 2.8442e-06  |    0.00     
     366     |    18694    |   495.88    |     19      | 6.7489e-04  | 2.7016e-06  |    0.00     
     367     |    18746    |   497.16    |     23      | 6.1696e-04  | 2.4939e-06  |    0.00     
     368     |    18970    |   503.59    |     109     | 6.1693e-04  | 2.5004e-06  |    0.00     
     369     |    19116    |   507.69    |     70      | 6.1610e-04  | 2.5010e-06  |    0.00     
     370     |    19192    |   509.71    |     35      | 6.0695e-04  | 2.3896e-06  |    0.00     
     371     |    19236    |   510.83    |     19      | 5.9445e-04  | 2.4034e-06  |    0.00     
     372     |    19284    |   512.10    |     21      | 5.9017e-04  | 2.2673e-06  |    0.00     
     373     |    19304    |   512.53    |      7      | 5.7837e-04  | 2.3005e-06  |    0.00     
     374     |    19330    |   513.12    |     10      | 5.6217e-04  | 2.2380e-06  |    0.00     
     375     |    19362    |   513.86    |     13      | 5.4026e-04  | 2.1254e-06  |    0.00     
     376     |    19400    |   514.77    |     16      | 5.1112e-04  | 2.0201e-06  |    0.00     
     377     |    19444    |   515.83    |     19      | 4.7337e-04  | 1.9023e-06  |    0.00     
     378     |    19500    |   517.22    |     25      | 4.2629e-04  | 1.6365e-06  |    0.00     
     379     |    19858    |   527.33    |     176     | 4.2628e-04  | 1.6417e-06  |    0.00     
     380     |    20066    |   533.29    |     101     | 4.2624e-04  | 1.6580e-06  |    0.00     
     381     |    20208    |   537.33    |     68      | 4.2601e-04  | 1.6763e-06  |    0.00     
     382     |    20250    |   538.34    |     18      | 4.0594e-04  | 1.6028e-06  |    0.00     
     383     |    20296    |   539.46    |     20      | 3.7961e-04  | 1.4510e-06  |    0.00     
     384     |    20472    |   544.51    |     85      | 3.7954e-04  | 1.4687e-06  |    0.00     
     385     |    20590    |   547.81    |     56      | 3.7877e-04  | 1.4799e-06  |    0.00     
     386     |    20624    |   548.61    |     14      | 3.6199e-04  | 1.4114e-06  |    0.00     
     387     |    20668    |   549.68    |     19      | 3.3984e-04  | 1.3584e-06  |    0.00     
     388     |    20720    |   550.95    |     23      | 3.1144e-04  | 1.1978e-06  |    0.00     
     389     |    20904    |   556.12    |     89      | 3.1114e-04  | 1.1967e-06  |    0.00     
     390     |    20956    |   557.40    |     23      | 2.8635e-04  | 1.1459e-06  |    0.00     
     391     |    21150    |   562.93    |     94      | 2.8628e-04  | 1.1376e-06  |    0.00     
     392     |    21202    |   564.21    |     23      | 2.6444e-04  | 9.9513e-07  |    0.00     

******************************************
               Running on cuda:0 
******************************************
Regulariser          :                 None
Dataset              :                  DTD
Data size            :        (3760, 67500)
Classes              :           (3760, 47)
No. Samples          :                 3760
Dimensions           :              3172500
x0                   :              uniform
Algorithm            :     FaithfulNewtonCR
..............................................................................................................................
     ite     |    inite    |    dtype    |    orcs     |    time     |      f      |   g_norm    |    alpha    |     acc     
..............................................................................................................................
      0      |      0      |    None     |      0      |    0.00     | 3.9436e+00  | 2.1047e-02  |  0.00e+00   |    0.00     
      1      |      5      |     UNF     |     14      |    0.32     | 3.8882e+00  | 4.0182e-02  |  1.00e+00   |    0.00     
      2      |      5      |     UNF     |     28      |    0.64     | 3.8021e+00  | 1.1155e-02  |  1.00e+00   |    0.00     
      3      |     45      |     FTH     |     127     |    3.22     | 1.3603e+00  | 8.2317e-03  |  1.00e+00   |    0.00     
      4      |      5      |     UNF     |     141     |    3.54     | 1.3009e+00  | 2.7040e-03  |  1.00e+00   |    0.00     
      5      |     65      |     FTH     |     281     |    7.20     | 6.8036e-01  | 4.5988e-03  |  1.00e+00   |    0.00     
      6      |     45      |     FTH     |     381     |    9.81     | 5.2873e-01  | 9.3619e-03  |  1.00e+00   |    0.00     
      7      |      5      |     UNF     |     395     |    10.12    | 5.1760e-01  | 3.2643e-03  |  1.00e+00   |    0.00     
      8      |     65      |     FTH     |     535     |    13.79    | 3.5923e-01  | 4.1256e-03  |  1.00e+00   |    0.00     
      9      |     45      |     FTH     |     634     |    16.37    | 3.0285e-01  | 6.7347e-03  |  1.00e+00   |    0.00     
     10      |     25      |     FTH     |     693     |    17.88    | 2.7390e-01  | 3.2427e-03  |  1.00e+00   |    0.00     
     11      |     25      |     FTH     |     751     |    19.37    | 2.5963e-01  | 1.3251e-03  |  1.00e+00   |    0.00     
     12      |     65      |     FTH     |     892     |    23.06    | 1.4725e-01  | 7.8390e-04  |  1.00e+00   |    0.00     
     13      |     85      |     FTH     |    1073     |    27.82    | 1.1949e-01  | 2.5371e-03  |  1.00e+00   |    0.00     
     14      |     25      |     FTH     |    1131     |    29.31    | 1.1057e-01  | 4.5761e-04  |  1.00e+00   |    0.00     
     15      |     105     |     FTH     |    1353     |    35.16    | 4.3522e-02  | 6.5023e-04  |  1.00e+00   |    0.00     
     16      |     25      |     FTH     |    1412     |    36.67    | 4.2146e-02  | 1.2102e-04  |  1.00e+00   |    0.00     
     17      |     125     |     FTH     |    1676     |    43.63    | 1.4290e-02  | 9.7496e-05  |  1.00e+00   |    0.00     
     18      |     65      |     FTH     |    1816     |    47.30    | 1.1983e-02  | 2.8061e-05  |  1.00e+00   |    0.00     
     19      |     105     |     FTH     |    2038     |    53.15    | 4.4889e-03  | 3.0991e-05  |  1.00e+00   |    0.00     
     20      |     85      |     FTH     |    2219     |    57.91    | 1.9283e-03  | 1.4696e-05  |  1.00e+00   |    0.00     
     21      |     65      |     FTH     |    2360     |    61.60    | 1.2878e-03  | 5.1475e-06  |  1.00e+00   |    0.00     
     22      |     105     |     FTH     |    2583     |    67.48    | 4.9092e-04  | 2.2601e-06  |  1.00e+00   |    0.00     
     23      |     105     |     FTH     |    2805     |    73.32    | 1.8535e-04  | 8.8279e-07  |  1.00e+00   |    0.00     

******************************************
               Running on cuda:0 
******************************************
Regulariser          :                 None
Dataset              :                  DTD
Data size            :        (3760, 67500)
Classes              :           (3760, 47)
No. Samples          :                 3760
Dimensions           :              3172500
x0                   :              uniform
Algorithm            : FaithfulNewtonCR-reg
..............................................................................................................................
     ite     |    inite    |    dtype    |    orcs     |    time     |      f      |   g_norm    |    alpha    |     acc     
..............................................................................................................................
      0      |      0      |    None     |      0      |    0.00     | 3.9436e+00  | 2.1047e-02  |  0.00e+00   |    0.00     
      1      |      5      |     UNF     |     14      |    0.32     | 3.8882e+00  | 4.0175e-02  |  1.00e+00   |    0.00     
      2      |      5      |     UNF     |     28      |    0.64     | 3.8020e+00  | 1.1153e-02  |  1.00e+00   |    0.00     
      3      |     45      |     FTH     |     129     |    3.25     | 1.6856e+00  | 9.7534e-03  |  1.00e+00   |    0.00     
      4      |      5      |     UNF     |     143     |    3.57     | 1.6311e+00  | 3.0167e-03  |  1.00e+00   |    0.00     
      5      |     85      |     FTH     |     326     |    8.35     | 7.1250e-01  | 4.5454e-03  |  1.00e+00   |    0.00     
      6      |     45      |     FTH     |     426     |    10.93    | 5.6647e-01  | 5.3705e-03  |  1.00e+00   |    0.00     
      7      |     25      |     FTH     |     486     |    12.45    | 5.5008e-01  | 1.4519e-03  |  1.00e+00   |    0.00     
      8      |     85      |     FTH     |     669     |    17.24    | 2.9847e-01  | 4.3198e-03  |  1.00e+00   |    0.00     
      9      |     25      |     FTH     |     728     |    18.73    | 2.7693e-01  | 1.0529e-03  |  1.00e+00   |    0.00     
     10      |     105     |     FTH     |     951     |    24.58    | 1.7753e-01  | 6.2639e-03  |  1.00e+00   |    0.00     
     11      |      5      |     UNF     |     965     |    24.90    | 1.7068e-01  | 2.2461e-03  |  1.00e+00   |    0.00     
     12      |     45      |     FTH     |    1065     |    27.48    | 1.3349e-01  | 1.6331e-03  |  1.00e+00   |    0.00     
     13      |     25      |     FTH     |    1125     |    29.00    | 1.2567e-01  | 4.0631e-04  |  1.00e+00   |    0.00     
     14      |     105     |     FTH     |    1348     |    34.85    | 6.5151e-02  | 2.9802e-04  |  1.00e+00   |    0.00     
     15      |     85      |     FTH     |    1530     |    39.62    | 4.6124e-02  | 1.1086e-04  |  1.00e+00   |    0.00     
     16      |     85      |     FTH     |    1712     |    44.38    | 2.3539e-02  | 5.6660e-05  |  1.00e+00   |    0.00     
     17      |     85      |     FTH     |    1895     |    49.17    | 1.3557e-02  | 2.5096e-05  |  1.00e+00   |    0.00     
     18      |     85      |     FTH     |    2077     |    53.93    | 7.9505e-03  | 2.0333e-05  |  1.00e+00   |    0.00     
     19      |     85      |     FTH     |    2260     |    58.72    | 5.1386e-03  | 1.4024e-05  |  1.00e+00   |    0.00     
     20      |     85      |     FTH     |    2443     |    63.51    | 3.4536e-03  | 9.0194e-06  |  1.00e+00   |    0.00     
     21      |     85      |     FTH     |    2625     |    68.28    | 2.3932e-03  | 7.2407e-06  |  1.00e+00   |    0.00     
     22      |     65      |     FTH     |    2767     |    71.97    | 1.7456e-03  | 5.6449e-06  |  1.00e+00   |    0.00     
     23      |     65      |     FTH     |    2909     |    75.67    | 1.3222e-03  | 4.5041e-06  |  1.00e+00   |    0.00     
     24      |     65      |     FTH     |    3050     |    79.34    | 1.0328e-03  | 3.5766e-06  |  1.00e+00   |    0.00     
     25      |     65      |     FTH     |    3191     |    83.02    | 8.2619e-04  | 2.9066e-06  |  1.00e+00   |    0.00     
     26      |     65      |     FTH     |    3332     |    86.69    | 6.7404e-04  | 2.3739e-06  |  1.00e+00   |    0.00     
     27      |     45      |     FTH     |    3433     |    89.30    | 5.5889e-04  | 1.9774e-06  |  1.00e+00   |    0.00     
     28      |     65      |     FTH     |    3575     |    92.99    | 4.7004e-04  | 1.6656e-06  |  1.00e+00   |    0.00     
     29      |     45      |     FTH     |    3676     |    95.60    | 4.0015e-04  | 1.4244e-06  |  1.00e+00   |    0.00     
     30      |     65      |     FTH     |    3817     |    99.27    | 3.4445e-04  | 1.2260e-06  |  1.00e+00   |    0.00     
     31      |     45      |     FTH     |    3918     |   101.88    | 2.9924e-04  | 1.0661e-06  |  1.00e+00   |    0.00     
     32      |     45      |     FTH     |    4018     |   104.46    | 2.6221e-04  | 9.3877e-07  |  1.00e+00   |    0.00     

******************************************
               Running on cuda:0 
******************************************
Regulariser          :                 None
Dataset              :                  DTD
Data size            :        (3760, 67500)
Classes              :           (3760, 47)
No. Samples          :                 3760
Dimensions           :              3172500
x0                   :              uniform
Algorithm            :         linesearchGD
..................................................................................................
     ite     |    orcs     |    time     |      f      |   g_norm    |    alpha    |     acc     
..................................................................................................
      0      |      0      |    0.00     | 3.9436e+00  | 2.1047e-02  |  0.00e+00   |    0.00     
     100     |     407     |    5.51     | 3.5559e+00  | 3.4421e-03  |  7.81e-03   |    0.00     
     200     |     807     |    10.84    | 3.3731e+00  | 3.7448e-03  |  7.81e-03   |    0.00     
     300     |    1207     |    16.17    | 3.2181e+00  | 3.8416e-03  |  7.81e-03   |    0.00     
     400     |    1607     |    21.50    | 3.0821e+00  | 3.0317e-03  |  7.81e-03   |    0.00     
     500     |    2007     |    26.83    | 2.9623e+00  | 3.6490e-03  |  7.81e-03   |    0.00     
     600     |    2407     |    32.17    | 2.8543e+00  | 3.7735e-03  |  7.81e-03   |    0.00     
     700     |    2807     |    37.50    | 2.7554e+00  | 3.7413e-03  |  7.81e-03   |    0.00     
     800     |    3207     |    42.83    | 2.6642e+00  | 3.7087e-03  |  7.81e-03   |    0.00     
     900     |    3607     |    48.16    | 2.5798e+00  | 3.6880e-03  |  7.81e-03   |    0.00     
    1000     |    4007     |    53.49    | 2.5014e+00  | 3.6771e-03  |  7.81e-03   |    0.00     
    1100     |    4407     |    58.82    | 2.4282e+00  | 3.6684e-03  |  7.81e-03   |    0.00     
    1200     |    4807     |    64.15    | 2.3597e+00  | 3.6567e-03  |  7.81e-03   |    0.00     
    1300     |    5207     |    69.48    | 2.2953e+00  | 3.6389e-03  |  7.81e-03   |    0.00     
    1400     |    5607     |    74.81    | 2.2347e+00  | 3.6138e-03  |  7.81e-03   |    0.00     
    1500     |    6007     |    80.14    | 2.1775e+00  | 3.5811e-03  |  7.81e-03   |    0.00     
    1600     |    6407     |    85.47    | 2.1234e+00  | 3.5407e-03  |  7.81e-03   |    0.00     
    1700     |    6807     |    90.80    | 2.0721e+00  | 3.4931e-03  |  7.81e-03   |    0.00     
    1800     |    7207     |    96.13    | 2.0234e+00  | 3.4386e-03  |  7.81e-03   |    0.00     
    1900     |    7607     |   101.46    | 1.9772e+00  | 3.3775e-03  |  7.81e-03   |    0.00     
    2000     |    8007     |   106.79    | 1.9331e+00  | 3.3102e-03  |  7.81e-03   |    0.00     
    2100     |    8407     |   112.11    | 1.8910e+00  | 3.2369e-03  |  7.81e-03   |    0.00     
    2200     |    8807     |   117.44    | 1.8509e+00  | 3.1578e-03  |  7.81e-03   |    0.00     
    2300     |    9207     |   122.77    | 1.8125e+00  | 3.0730e-03  |  7.81e-03   |    0.00     
    2400     |    9607     |   128.10    | 1.7758e+00  | 2.9823e-03  |  7.81e-03   |    0.00     
    2500     |    10007    |   133.43    | 1.7406e+00  | 2.8855e-03  |  7.81e-03   |    0.00     
    2600     |    10407    |   138.76    | 1.7068e+00  | 2.7824e-03  |  7.81e-03   |    0.00     
    2700     |    10807    |   144.09    | 1.6743e+00  | 2.6724e-03  |  7.81e-03   |    0.00     
    2800     |    11207    |   149.42    | 1.6432e+00  | 2.5547e-03  |  7.81e-03   |    0.00     
    2900     |    11607    |   154.75    | 1.6132e+00  | 2.4287e-03  |  7.81e-03   |    0.00     
    3000     |    12007    |   160.08    | 1.5843e+00  | 2.2929e-03  |  7.81e-03   |    0.00     
    3100     |    12407    |   165.41    | 1.5565e+00  | 2.1461e-03  |  7.81e-03   |    0.00     
    3200     |    12807    |   170.74    | 1.5296e+00  | 1.9864e-03  |  7.81e-03   |    0.00     
    3300     |    13207    |   176.07    | 1.5037e+00  | 1.8118e-03  |  7.81e-03   |    0.00     
    3400     |    13607    |   181.40    | 1.4787e+00  | 1.6203e-03  |  7.81e-03   |    0.00     
    3500     |    14006    |   186.71    | 1.4548e+00  | 3.1479e-03  |  1.56e-02   |    0.00     
    3600     |    14407    |   192.06    | 1.4310e+00  | 1.4899e-03  |  7.81e-03   |    0.00     
    3700     |    14807    |   197.40    | 1.4082e+00  | 1.4643e-03  |  7.81e-03   |    0.00     
    3800     |    15207    |   202.73    | 1.3861e+00  | 2.5244e-03  |  7.81e-03   |    0.00     
    3900     |    15607    |   208.06    | 1.3645e+00  | 1.6425e-03  |  7.81e-03   |    0.00     
    4000     |    16007    |   213.39    | 1.3437e+00  | 1.9988e-03  |  7.81e-03   |    0.00     
    4100     |    16407    |   218.72    | 1.3234e+00  | 2.0682e-03  |  7.81e-03   |    0.00     
    4200     |    16807    |   224.05    | 1.3037e+00  | 1.7742e-03  |  7.81e-03   |    0.00     
    4300     |    17207    |   229.38    | 1.2846e+00  | 1.3524e-03  |  7.81e-03   |    0.00     
    4400     |    17607    |   234.71    | 1.2659e+00  | 1.6853e-03  |  7.81e-03   |    0.00     
    4500     |    18007    |   240.04    | 1.2478e+00  | 1.7884e-03  |  7.81e-03   |    0.00     
    4600     |    18407    |   245.37    | 1.2301e+00  | 1.6142e-03  |  7.81e-03   |    0.00     
    4700     |    18807    |   250.70    | 1.2129e+00  | 1.2354e-03  |  7.81e-03   |    0.00     
    4800     |    19207    |   256.03    | 1.1961e+00  | 1.5227e-03  |  7.81e-03   |    0.00     
    4900     |    19607    |   261.36    | 1.1797e+00  | 1.5938e-03  |  7.81e-03   |    0.00     
    5000     |    20007    |   266.69    | 1.1638e+00  | 1.3781e-03  |  7.81e-03   |    0.00     
    5100     |    20407    |   272.02    | 1.1483e+00  | 2.2667e-03  |  7.81e-03   |    0.00     
    5200     |    20807    |   277.35    | 1.1330e+00  | 1.2558e-03  |  7.81e-03   |    0.00     
    5300     |    21207    |   282.68    | 1.1182e+00  | 1.2180e-03  |  7.81e-03   |    0.00     
    5400     |    21606    |   287.98    | 1.1038e+00  | 2.3211e-03  |  1.56e-02   |    0.00     
    5500     |    22007    |   293.34    | 1.0895e+00  | 1.3965e-03  |  7.81e-03   |    0.00     
    5600     |    22407    |   298.67    | 1.0757e+00  | 1.8096e-03  |  7.81e-03   |    0.00     
    5700     |    22807    |   304.00    | 1.0621e+00  | 1.4775e-03  |  7.81e-03   |    0.00     
    5800     |    23207    |   309.33    | 1.0489e+00  | 1.2072e-03  |  7.81e-03   |    0.00     
    5900     |    23607    |   314.66    | 1.0360e+00  | 1.7988e-03  |  7.81e-03   |    0.00     
    6000     |    24007    |   319.99    | 1.0233e+00  | 1.9028e-03  |  7.81e-03   |    0.00     
    6100     |    24407    |   325.32    | 1.0109e+00  | 1.6082e-03  |  7.81e-03   |    0.00     
    6200     |    24807    |   330.65    | 9.9872e-01  | 1.1570e-03  |  7.81e-03   |    0.00     
    6300     |    25207    |   335.98    | 9.8688e-01  | 1.6165e-03  |  7.81e-03   |    0.00     
    6400     |    25607    |   341.31    | 9.7517e-01  | 1.1542e-03  |  7.81e-03   |    0.00     
    6500     |    26006    |   346.61    | 9.6384e-01  | 2.0088e-03  |  1.56e-02   |    0.00     
    6600     |    26407    |   351.97    | 9.5262e-01  | 1.5143e-03  |  7.81e-03   |    0.00     
    6700     |    26807    |   357.30    | 9.4176e-01  | 1.9965e-03  |  7.81e-03   |    0.00     
    6800     |    27207    |   362.63    | 9.3089e-01  | 1.2138e-03  |  7.81e-03   |    0.00     
    6900     |    27607    |   367.96    | 9.2030e-01  | 1.2051e-03  |  7.81e-03   |    0.00     
    7000     |    28007    |   373.29    | 9.0995e-01  | 1.1711e-03  |  7.81e-03   |    0.00     
    7100     |    28407    |   378.62    | 8.9981e-01  | 1.1119e-03  |  7.81e-03   |    0.00     
    7200     |    28807    |   383.95    | 8.8988e-01  | 9.3519e-04  |  7.81e-03   |    0.00     
    7300     |    29207    |   389.29    | 8.8010e-01  | 1.0384e-03  |  7.81e-03   |    0.00     
    7400     |    29607    |   394.62    | 8.7049e-01  | 1.4934e-03  |  7.81e-03   |    0.00     
    7500     |    30007    |   399.95    | 8.6099e-01  | 1.2454e-03  |  7.81e-03   |    0.00     
    7600     |    30406    |   405.25    | 8.5174e-01  | 1.8130e-03  |  1.56e-02   |    0.00     
    7700     |    30807    |   410.61    | 8.4254e-01  | 1.1139e-03  |  7.81e-03   |    0.00     
    7800     |    31207    |   415.94    | 8.3367e-01  | 1.7300e-03  |  7.81e-03   |    0.00     
    7900     |    31607    |   421.27    | 8.2485e-01  | 1.0710e-03  |  7.81e-03   |    0.00     
    8000     |    32007    |   426.60    | 8.1619e-01  | 1.2766e-03  |  7.81e-03   |    0.00     
    8100     |    32407    |   431.93    | 8.0774e-01  | 1.6821e-03  |  7.81e-03   |    0.00     
    8200     |    32807    |   437.26    | 7.9933e-01  | 1.3285e-03  |  7.81e-03   |    0.00     
    8300     |    33206    |   442.56    | 7.9113e-01  | 1.6357e-03  |  1.56e-02   |    0.00     
    8400     |    33607    |   447.92    | 7.8297e-01  | 1.2216e-03  |  7.81e-03   |    0.00     
    8500     |    34007    |   453.25    | 7.7497e-01  | 1.2899e-03  |  7.81e-03   |    0.00     
    8600     |    34407    |   458.59    | 7.6708e-01  | 9.6605e-04  |  7.81e-03   |    0.00     
    8700     |    34807    |   463.92    | 7.5934e-01  | 1.1416e-03  |  7.81e-03   |    0.00     
    8800     |    35206    |   469.22    | 7.5177e-01  | 1.4981e-03  |  1.56e-02   |    0.00     
    8900     |    35607    |   474.58    | 7.4428e-01  | 8.4213e-04  |  7.81e-03   |    0.00     
    9000     |    36007    |   479.91    | 7.3697e-01  | 1.1151e-03  |  7.81e-03   |    0.00     
    9100     |    36407    |   485.24    | 7.2976e-01  | 9.9317e-04  |  7.81e-03   |    0.00     
    9200     |    36807    |   490.57    | 7.2264e-01  | 9.6741e-04  |  7.81e-03   |    0.00     
    9300     |    37207    |   495.90    | 7.1560e-01  | 1.1161e-03  |  7.81e-03   |    0.00     
    9400     |    37607    |   501.23    | 7.0873e-01  | 1.4442e-03  |  7.81e-03   |    0.00     
    9500     |    38007    |   506.56    | 7.0188e-01  | 1.1075e-03  |  7.81e-03   |    0.00     
    9600     |    38406    |   511.86    | 6.9522e-01  | 1.5226e-03  |  1.56e-02   |    0.00     
    9700     |    38807    |   517.22    | 6.8857e-01  | 1.3362e-03  |  7.81e-03   |    0.00     
    9800     |    39207    |   522.55    | 6.8202e-01  | 7.4294e-04  |  7.81e-03   |    0.00     
    9900     |    39606    |   527.86    | 6.7562e-01  | 1.4080e-03  |  1.56e-02   |    0.00     
    10000    |    40007    |   533.21    | 6.6923e-01  | 8.5391e-04  |  7.81e-03   |    0.00     
    10100    |    40407    |   538.55    | 6.6297e-01  | 7.0684e-04  |  7.81e-03   |    0.00     
    10200    |    40807    |   543.88    | 6.5680e-01  | 9.7401e-04  |  7.81e-03   |    0.00     
    10300    |    41207    |   549.21    | 6.5073e-01  | 1.1090e-03  |  7.81e-03   |    0.00     
    10400    |    41607    |   554.54    | 6.4471e-01  | 7.4305e-04  |  7.81e-03   |    0.00     
    10500    |    42006    |   559.85    | 6.3883e-01  | 1.4290e-03  |  1.56e-02   |    0.00     
    10600    |    42406    |   565.18    | 6.3295e-01  | 1.3790e-03  |  1.56e-02   |    0.00     
    10700    |    42806    |   570.51    | 6.2716e-01  | 1.2015e-03  |  1.56e-02   |    0.00     
    10800    |    43206    |   575.84    | 6.2148e-01  | 1.1769e-03  |  1.56e-02   |    0.00     
    10900    |    43607    |   581.20    | 6.1591e-01  | 1.1853e-03  |  7.81e-03   |    0.00     
    11000    |    44007    |   586.53    | 6.1043e-01  | 1.1361e-03  |  7.81e-03   |    0.00     
    11100    |    44407    |   591.86    | 6.0504e-01  | 1.0821e-03  |  7.81e-03   |    0.00     
    11200    |    44806    |   597.16    | 5.9972e-01  | 1.2636e-03  |  1.56e-02   |    0.00     
    11300    |    45207    |   602.52    | 5.9441e-01  | 7.7284e-04  |  7.81e-03   |    0.00     
    11400    |    45607    |   607.85    | 5.8920e-01  | 6.7417e-04  |  7.81e-03   |    0.00     
    11500    |    46007    |   613.18    | 5.8407e-01  | 1.0629e-03  |  7.81e-03   |    0.00     
    11600    |    46407    |   618.50    | 5.7899e-01  | 1.0379e-03  |  7.81e-03   |    0.00     
    11700    |    46807    |   623.83    | 5.7397e-01  | 6.3827e-04  |  7.81e-03   |    0.00     
    11800    |    47206    |   629.13    | 5.6906e-01  | 1.3425e-03  |  1.56e-02   |    0.00     
    11900    |    47607    |   634.49    | 5.6411e-01  | 7.7198e-04  |  7.81e-03   |    0.00     
    12000    |    48007    |   639.82    | 5.5928e-01  | 7.3409e-04  |  7.81e-03   |    0.00     
    12100    |    48407    |   645.15    | 5.5452e-01  | 6.6674e-04  |  7.81e-03   |    0.00     
    12200    |    48807    |   650.48    | 5.4983e-01  | 8.5172e-04  |  7.81e-03   |    0.00     
    12300    |    49207    |   655.80    | 5.4518e-01  | 8.1053e-04  |  7.81e-03   |    0.00     
    12400    |    49606    |   661.11    | 5.4063e-01  | 1.1613e-03  |  1.56e-02   |    0.00     
    12500    |    50006    |   666.44    | 5.3610e-01  | 1.1804e-03  |  1.56e-02   |    0.00     
    12600    |    50407    |   671.80    | 5.3160e-01  | 8.0093e-04  |  7.81e-03   |    0.00     
    12700    |    50807    |   677.12    | 5.2718e-01  | 8.2187e-04  |  7.81e-03   |    0.00     
    12800    |    51207    |   682.46    | 5.2281e-01  | 5.6998e-04  |  7.81e-03   |    0.00     
    12900    |    51607    |   687.79    | 5.1850e-01  | 5.8354e-04  |  7.81e-03   |    0.00     
    13000    |    52006    |   693.09    | 5.1424e-01  | 9.2368e-04  |  1.56e-02   |    0.00     
    13100    |    52406    |   698.42    | 5.1003e-01  | 9.6639e-04  |  1.56e-02   |    0.00     
    13200    |    52807    |   703.78    | 5.0585e-01  | 6.7939e-04  |  7.81e-03   |    0.00     
    13300    |    53207    |   709.11    | 5.0175e-01  | 8.0873e-04  |  7.81e-03   |    0.00     
    13400    |    53607    |   714.44    | 4.9768e-01  | 6.1898e-04  |  7.81e-03   |    0.00     
    13500    |    54007    |   719.77    | 4.9366e-01  | 7.6728e-04  |  7.81e-03   |    0.00     
    13600    |    54407    |   725.10    | 4.8969e-01  | 5.6568e-04  |  7.81e-03   |    0.00     
    13700    |    54806    |   730.41    | 4.8578e-01  | 8.2132e-04  |  1.56e-02   |    0.00     
    13800    |    55207    |   735.76    | 4.8191e-01  | 5.2344e-04  |  7.81e-03   |    0.00     
    13900    |    55606    |   741.07    | 4.7811e-01  | 9.9774e-04  |  1.56e-02   |    0.00     
    14000    |    56006    |   746.40    | 4.7432e-01  | 9.8001e-04  |  1.56e-02   |    0.00     
    14100    |    56407    |   751.76    | 4.7055e-01  | 5.4725e-04  |  7.81e-03   |    0.00     
    14200    |    56807    |   757.09    | 4.6685e-01  | 6.2968e-04  |  7.81e-03   |    0.00     
    14300    |    57207    |   762.42    | 4.6320e-01  | 5.4012e-04  |  7.81e-03   |    0.00     
    14400    |    57607    |   767.76    | 4.5959e-01  | 7.4717e-04  |  7.81e-03   |    0.00     
    14500    |    58007    |   773.09    | 4.5602e-01  | 6.0268e-04  |  7.81e-03   |    0.00     
    14600    |    58406    |   778.39    | 4.5249e-01  | 7.5559e-04  |  1.56e-02   |    0.00     
    14700    |    58807    |   783.75    | 4.4899e-01  | 6.9287e-04  |  7.81e-03   |    0.00     
    14800    |    59206    |   789.06    | 4.4554e-01  | 8.1143e-04  |  1.56e-02   |    0.00     
    14900    |    59606    |   794.39    | 4.4212e-01  | 7.9732e-04  |  1.56e-02   |    0.00     
    15000    |    60007    |   799.75    | 4.3874e-01  | 4.8100e-04  |  7.81e-03   |    0.00     
    15100    |    60407    |   805.08    | 4.3540e-01  | 5.1720e-04  |  7.81e-03   |    0.00     
    15200    |    60806    |   810.38    | 4.3210e-01  | 8.1528e-04  |  1.56e-02   |    0.00     
    15300    |    61206    |   815.71    | 4.2884e-01  | 8.1452e-04  |  1.56e-02   |    0.00     
    15400    |    61607    |   821.07    | 4.2559e-01  | 6.0095e-04  |  7.81e-03   |    0.00     
    15500    |    62006    |   826.38    | 4.2240e-01  | 6.9123e-04  |  1.56e-02   |    0.00     
    15600    |    62406    |   831.71    | 4.1926e-01  | 9.8167e-04  |  1.56e-02   |    0.00     
    15700    |    62806    |   837.04    | 4.1613e-01  | 9.9116e-04  |  1.56e-02   |    0.00     
    15800    |    63206    |   842.37    | 4.1301e-01  | 7.1160e-04  |  1.56e-02   |    0.00     
    15900    |    63607    |   847.73    | 4.0993e-01  | 5.4516e-04  |  7.81e-03   |    0.00     
    16000    |    64006    |   853.04    | 4.0690e-01  | 9.7394e-04  |  1.56e-02   |    0.00     
    16100    |    64406    |   858.37    | 4.0387e-01  | 8.6281e-04  |  1.56e-02   |    0.00     
    16200    |    64806    |   863.70    | 4.0087e-01  | 7.3152e-04  |  1.56e-02   |    0.00     
    16300    |    65206    |   869.03    | 3.9793e-01  | 6.0336e-04  |  1.56e-02   |    0.00     
    16400    |    65607    |   874.39    | 3.9503e-01  | 6.2258e-04  |  7.81e-03   |    0.00     
    16500    |    66007    |   879.72    | 3.9217e-01  | 6.1634e-04  |  7.81e-03   |    0.00     
    16600    |    66406    |   885.02    | 3.8934e-01  | 5.8369e-04  |  1.56e-02   |    0.00     
    16700    |    66807    |   890.38    | 3.8656e-01  | 5.9225e-04  |  7.81e-03   |    0.00     
    16800    |    67206    |   895.68    | 3.8381e-01  | 5.7217e-04  |  1.56e-02   |    0.00     
    16900    |    67607    |   901.04    | 3.8110e-01  | 5.8777e-04  |  7.81e-03   |    0.00     
    17000    |    68007    |   906.37    | 3.7842e-01  | 5.7307e-04  |  7.81e-03   |    0.00     
    17100    |    68407    |   911.70    | 3.7576e-01  | 5.4252e-04  |  7.81e-03   |    0.00     
    17200    |    68806    |   917.00    | 3.7313e-01  | 6.1839e-04  |  1.56e-02   |    0.00     
    17300    |    69207    |   922.36    | 3.7051e-01  | 4.5077e-04  |  7.81e-03   |    0.00     
    17400    |    69607    |   927.69    | 3.6792e-01  | 3.9862e-04  |  7.81e-03   |    0.00     
    17500    |    70007    |   933.02    | 3.6536e-01  | 5.2530e-04  |  7.81e-03   |    0.00     
    17600    |    70407    |   938.35    | 3.6282e-01  | 4.8899e-04  |  7.81e-03   |    0.00     
    17700    |    70807    |   943.68    | 3.6030e-01  | 3.8331e-04  |  7.81e-03   |    0.00     
    17800    |    71207    |   949.01    | 3.5782e-01  | 3.9585e-04  |  7.81e-03   |    0.00     
    17900    |    71606    |   954.31    | 3.5535e-01  | 6.0623e-04  |  1.56e-02   |    0.00     
    18000    |    72006    |   959.65    | 3.5292e-01  | 6.6635e-04  |  1.56e-02   |    0.00     
    18100    |    72407    |   965.00    | 3.5049e-01  | 4.7441e-04  |  7.81e-03   |    0.00     
    18200    |    72806    |   970.31    | 3.4810e-01  | 4.8701e-04  |  1.56e-02   |    0.00     
    18300    |    73207    |   975.67    | 3.4573e-01  | 4.4257e-04  |  7.81e-03   |    0.00     
    18400    |    73606    |   980.97    | 3.4338e-01  | 5.3631e-04  |  1.56e-02   |    0.00     
    18500    |    74006    |   986.30    | 3.4106e-01  | 5.4158e-04  |  1.56e-02   |    0.00     
    18600    |    74407    |   991.66    | 3.3877e-01  | 3.8807e-04  |  7.81e-03   |    0.00     
    18700    |    74807    |   996.99    | 3.3649e-01  | 3.9279e-04  |  7.81e-03   |    0.00     
    18800    |    75206    |   1002.29   | 3.3424e-01  | 6.1412e-04  |  1.56e-02   |    0.00     
    18900    |    75606    |   1007.62   | 3.3202e-01  | 7.3556e-04  |  1.56e-02   |    0.00     
    19000    |    76006    |   1012.95   | 3.2981e-01  | 7.1058e-04  |  1.56e-02   |    0.00     
    19100    |    76407    |   1018.31   | 3.2760e-01  | 4.0885e-04  |  7.81e-03   |    0.00     
    19200    |    76807    |   1023.64   | 3.2544e-01  | 3.9888e-04  |  7.81e-03   |    0.00     
    19300    |    77206    |   1028.95   | 3.2330e-01  | 6.5311e-04  |  1.56e-02   |    0.00     
    19400    |    77606    |   1034.28   | 3.2117e-01  | 5.6611e-04  |  1.56e-02   |    0.00     
    19500    |    78007    |   1039.63   | 3.1906e-01  | 3.6030e-04  |  7.81e-03   |    0.00     
    19600    |    78406    |   1044.94   | 3.1698e-01  | 5.2845e-04  |  1.56e-02   |    0.00     
    19700    |    78806    |   1050.27   | 3.1492e-01  | 6.1865e-04  |  1.56e-02   |    0.00     
    19800    |    79207    |   1055.63   | 3.1287e-01  | 3.8146e-04  |  7.81e-03   |    0.00     
    19900    |    79607    |   1060.96   | 3.1084e-01  | 4.2092e-04  |  7.81e-03   |    0.00     
    20000    |    80007    |   1066.29   | 3.0884e-01  | 3.7047e-04  |  7.81e-03   |    0.00     
    20100    |    80406    |   1071.59   | 3.0686e-01  | 5.0635e-04  |  1.56e-02   |    0.00     
    20200    |    80806    |   1076.92   | 3.0489e-01  | 4.8527e-04  |  1.56e-02   |    0.00     
    20300    |    81207    |   1082.28   | 3.0294e-01  | 3.3193e-04  |  7.81e-03   |    0.00     
    20400    |    81607    |   1087.61   | 3.0101e-01  | 3.4910e-04  |  7.81e-03   |    0.00     
    20500    |    82006    |   1092.91   | 2.9911e-01  | 6.5381e-04  |  1.56e-02   |    0.00     
    20600    |    82407    |   1098.27   | 2.9720e-01  | 3.1354e-04  |  7.81e-03   |    0.00     
    20700    |    82806    |   1103.57   | 2.9534e-01  | 6.4579e-04  |  1.56e-02   |    0.00     
    20800    |    83207    |   1108.93   | 2.9346e-01  | 3.3896e-04  |  7.81e-03   |    0.00     
    20900    |    83607    |   1114.26   | 2.9162e-01  | 3.1876e-04  |  7.81e-03   |    0.00     
    21000    |    84006    |   1119.56   | 2.8980e-01  | 5.0115e-04  |  1.56e-02   |    0.00     
    21100    |    84406    |   1124.88   | 2.8800e-01  | 6.7797e-04  |  1.56e-02   |    0.00     
    21200    |    84806    |   1130.21   | 2.8621e-01  | 6.7904e-04  |  1.56e-02   |    0.00     
    21300    |    85207    |   1135.56   | 2.8442e-01  | 3.2277e-04  |  7.81e-03   |    0.00     
    21400    |    85607    |   1140.89   | 2.8266e-01  | 3.0669e-04  |  7.81e-03   |    0.00     
    21500    |    86007    |   1146.22   | 2.8092e-01  | 2.8695e-04  |  7.81e-03   |    0.00     
    21600    |    86406    |   1151.53   | 2.7919e-01  | 3.8144e-04  |  1.56e-02   |    0.00     
    21700    |    86806    |   1156.86   | 2.7749e-01  | 4.1977e-04  |  1.56e-02   |    0.00     
    21800    |    87207    |   1162.21   | 2.7579e-01  | 3.2754e-04  |  7.81e-03   |    0.00     
    21900    |    87606    |   1167.52   | 2.7411e-01  | 3.6303e-04  |  1.56e-02   |    0.00     
    22000    |    88007    |   1172.87   | 2.7245e-01  | 2.7772e-04  |  7.81e-03   |    0.00     
    22100    |    88406    |   1178.18   | 2.7080e-01  | 3.4700e-04  |  1.56e-02   |    0.00     
    22200    |    88806    |   1183.51   | 2.6916e-01  | 3.5548e-04  |  1.56e-02   |    0.00     
    22300    |    89206    |   1188.84   | 2.6755e-01  | 6.1073e-04  |  1.56e-02   |    0.00     
    22400    |    89606    |   1194.17   | 2.6594e-01  | 5.8897e-04  |  1.56e-02   |    0.00     
    22500    |    90006    |   1199.50   | 2.6435e-01  | 6.4514e-04  |  1.56e-02   |    0.00     
    22600    |    90406    |   1204.82   | 2.6276e-01  | 5.2317e-04  |  1.56e-02   |    0.00     
    22700    |    90806    |   1210.15   | 2.6115e-01  | 3.1253e-04  |  1.56e-02   |    0.00     
    22800    |    91207    |   1215.50   | 2.5955e-01  | 3.1293e-04  |  7.81e-03   |    0.00     
    22900    |    91606    |   1220.80   | 2.5792e-01  | 3.0591e-04  |  1.56e-02   |    0.00     
    23000    |    92006    |   1226.12   | 2.5630e-01  | 2.9471e-04  |  1.56e-02   |    0.00     
    23100    |    92406    |   1231.46   | 2.5480e-01  | 4.2217e-04  |  1.56e-02   |    0.00     
    23200    |    92806    |   1236.79   | 2.5329e-01  | 4.7738e-04  |  1.56e-02   |    0.00     
    23300    |    93206    |   1242.11   | 2.5177e-01  | 4.0314e-04  |  1.56e-02   |    0.00     
    23400    |    93606    |   1247.44   | 2.5027e-01  | 5.7711e-04  |  1.56e-02   |    0.00     
    23500    |    94006    |   1252.77   | 2.4875e-01  | 3.3240e-04  |  1.56e-02   |    0.00     
    23600    |    94407    |   1258.13   | 2.4723e-01  | 2.6752e-04  |  7.81e-03   |    0.00     
    23700    |    94806    |   1263.43   | 2.4578e-01  | 5.1689e-04  |  1.56e-02   |    0.00     
    23800    |    95207    |   1268.79   | 2.4431e-01  | 2.5304e-04  |  7.81e-03   |    0.00     
    23900    |    95606    |   1274.09   | 2.4285e-01  | 6.2974e-04  |  1.56e-02   |    0.00     
    24000    |    96006    |   1279.42   | 2.4142e-01  | 6.2358e-04  |  1.56e-02   |    0.00     
    24100    |    96406    |   1284.75   | 2.3997e-01  | 3.7330e-04  |  1.56e-02   |    0.00     
    24200    |    96807    |   1290.10   | 2.3857e-01  | 2.4823e-04  |  7.81e-03   |    0.00     
    24300    |    97206    |   1295.41   | 2.3713e-01  | 3.8666e-04  |  1.56e-02   |    0.00     
    24400    |    97605    |   1300.71   | 2.3565e-01  | 6.0123e-04  |  3.12e-02   |    0.00     
    24500    |    98007    |   1306.09   | 2.3416e-01  | 2.6654e-04  |  7.81e-03   |    0.00     
    24600    |    98407    |   1311.42   | 2.3270e-01  | 2.4521e-04  |  7.81e-03   |    0.00     
    24700    |    98807    |   1316.75   | 2.3125e-01  | 2.4196e-04  |  7.81e-03   |    0.00     
    24800    |    99207    |   1322.08   | 2.2975e-01  | 2.4840e-04  |  7.81e-03   |    0.00     
    24900    |    99606    |   1327.38   | 2.2827e-01  | 5.2198e-04  |  1.56e-02   |    0.00     
