
******************************************
               Running on cuda:0 
******************************************
Regulariser          :                 None
Dataset              :                  DTD
Downloading https://thor.robots.ox.ac.uk/dtd/dtd-r1.0.1.tar.gz to dtd/dtd-r1.0.1.tar.gz
Extracting dtd/dtd-r1.0.1.tar.gz to dtd
Data size            :        (3760, 67500)
Classes              :           (3760, 47)
No. Samples          :                 3760
Dimensions           :              3172500
x0                   :              uniform
Algorithm            :     FaithfulNewtonCR
..............................................................................................................................
     ite     |    inite    |    dtype    |    orcs     |    time     |      f      |   g_norm    |    alpha    |     acc     
..............................................................................................................................
      0      |      0      |    None     |      0      |    0.00     | 3.9615e+00  | 1.3635e-02  |  0.00e+00   |    0.00     
      1      |      5      |     UNF     |     14      |    0.03     | 3.8689e+00  | 1.6908e-02  |  1.00e+00   |    0.00     
      2      |     25      |     FTH     |     73      |    0.13     | 2.7417e+00  | 1.5312e-02  |  1.00e+00   |    0.00     
      3      |     25      |     FTH     |     132     |    0.23     | 1.9527e+00  | 2.3132e-03  |  1.00e+00   |    0.00     
      4      |     105     |     FTH     |     355     |    0.61     | 3.4234e-01  | 2.8197e-03  |  1.00e+00   |    0.00     
      5      |     25      |     FTH     |     413     |    0.71     | 2.6433e-01  | 7.4137e-04  |  1.00e+00   |    0.00     
      6      |     85      |     FTH     |     594     |    1.03     | 1.2655e-01  | 3.8698e-04  |  1.00e+00   |    0.00     
      7      |     65      |     FTH     |     735     |    1.28     | 9.6225e-02  | 1.4498e-03  |  1.00e+00   |    0.00     
      8      |     25      |     FTH     |     793     |    1.38     | 9.0313e-02  | 4.3639e-04  |  1.00e+00   |    0.00     
      9      |     85      |     FTH     |     974     |    1.69     | 4.9622e-02  | 7.5210e-04  |  1.00e+00   |    0.00     
     10      |     45      |     FTH     |    1073     |    1.87     | 4.3326e-02  | 3.3482e-04  |  1.00e+00   |    0.00     
     11      |     85      |     FTH     |    1254     |    2.19     | 2.1690e-02  | 1.0704e-04  |  1.00e+00   |    0.00     
     12      |     105     |     FTH     |    1476     |    2.58     | 8.3447e-03  | 3.5039e-05  |  1.00e+00   |    0.00     
     13      |     85      |     FTH     |    1657     |    2.89     | 4.4586e-03  | 2.1541e-05  |  1.00e+00   |    0.00     
     14      |     85      |     FTH     |    1838     |    3.21     | 2.3392e-03  | 1.1321e-05  |  1.00e+00   |    0.00     
     15      |     85      |     FTH     |    2020     |    3.53     | 1.2734e-03  | 5.2644e-06  |  1.00e+00   |    0.00     
     16      |     105     |     FTH     |    2242     |    3.92     | 5.1142e-04  | 2.3272e-06  |  1.00e+00   |    0.00     
     17      |     105     |     FTH     |    2464     |    4.31     | 1.9711e-04  | 9.2374e-07  |  1.00e+00   |    0.00     

******************************************
               Running on cuda:0 
******************************************
Regulariser          :                 None
Dataset              :                  DTD
Data size            :        (3760, 67500)
Classes              :           (3760, 47)
No. Samples          :                 3760
Dimensions           :              3172500
x0                   :              uniform
Algorithm            : FaithfulNewtonCR-reg
..............................................................................................................................
     ite     |    inite    |    dtype    |    orcs     |    time     |      f      |   g_norm    |    alpha    |     acc     
..............................................................................................................................
      0      |      0      |    None     |      0      |    0.00     | 3.9615e+00  | 1.3635e-02  |  0.00e+00   |    0.00     
      1      |      5      |     UNF     |     14      |    0.03     | 3.8689e+00  | 1.6906e-02  |  1.00e+00   |    0.00     
      2      |     25      |     FTH     |     74      |    0.13     | 3.7097e+00  | 9.3216e-03  |  1.00e+00   |    0.00     
      3      |     65      |     FTH     |     215     |    0.37     | 1.3073e+00  | 6.5413e-03  |  1.00e+00   |    0.00     
      4      |      5      |     UNF     |     229     |    0.39     | 1.2615e+00  | 2.5471e-03  |  1.00e+00   |    0.00     
      5      |     65      |     FTH     |     370     |    0.64     | 6.4922e-01  | 2.5250e-03  |  1.00e+00   |    0.00     
      6      |     45      |     FTH     |     470     |    0.81     | 5.2844e-01  | 4.9436e-03  |  1.00e+00   |    0.00     
      7      |     25      |     FTH     |     530     |    0.92     | 4.9840e-01  | 1.6528e-03  |  1.00e+00   |    0.00     
      8      |     85      |     FTH     |     713     |    1.25     | 2.9058e-01  | 1.7581e-03  |  1.00e+00   |    0.00     
      9      |     65      |     FTH     |     855     |    1.50     | 2.4770e-01  | 8.9758e-03  |  1.00e+00   |    0.00     
     10      |      5      |     UNF     |     869     |    1.52     | 2.3789e-01  | 2.8720e-03  |  1.00e+00   |    0.00     
     11      |     25      |     FTH     |     929     |    1.62     | 2.1513e-01  | 1.3554e-03  |  1.00e+00   |    0.00     
     12      |     65      |     FTH     |    1071     |    1.87     | 1.7057e-01  | 1.5360e-03  |  1.00e+00   |    0.00     
     13      |     25      |     FTH     |    1131     |    1.97     | 1.6153e-01  | 2.5193e-03  |  1.00e+00   |    0.00     
     14      |     25      |     FTH     |    1191     |    2.08     | 1.5772e-01  | 7.7488e-04  |  1.00e+00   |    0.00     
     15      |     85      |     FTH     |    1374     |    2.40     | 9.7887e-02  | 4.6192e-04  |  1.00e+00   |    0.00     
     16      |     25      |     FTH     |    1434     |    2.51     | 9.6386e-02  | 1.5924e-03  |  1.00e+00   |    0.00     
     17      |     25      |     FTH     |    1494     |    2.61     | 8.9778e-02  | 5.2493e-04  |  1.00e+00   |    0.00     
     18      |     85      |     FTH     |    1676     |    2.93     | 6.6621e-02  | 1.9938e-04  |  1.00e+00   |    0.00     
     19      |     105     |     FTH     |    1899     |    3.33     | 3.7762e-02  | 4.2606e-04  |  1.00e+00   |    0.00     
     20      |     45      |     FTH     |    1999     |    3.50     | 3.4935e-02  | 2.8965e-04  |  1.00e+00   |    0.00     
     21      |     25      |     FTH     |    2059     |    3.61     | 3.4627e-02  | 3.4052e-04  |  1.00e+00   |    0.00     
     22      |     25      |     FTH     |    2118     |    3.71     | 3.2656e-02  | 1.9581e-04  |  1.00e+00   |    0.00     
     23      |     85      |     FTH     |    2301     |    4.03     | 2.1304e-02  | 1.3449e-04  |  1.00e+00   |    0.00     
     24      |     85      |     FTH     |    2483     |    4.36     | 1.4994e-02  | 8.7691e-05  |  1.00e+00   |    0.00     
     25      |     85      |     FTH     |    2665     |    4.68     | 1.1527e-02  | 2.2137e-04  |  1.00e+00   |    0.00     
     26      |     25      |     FTH     |    2724     |    4.78     | 1.1267e-02  | 1.7647e-04  |  1.00e+00   |    0.00     
     27      |     25      |     FTH     |    2784     |    4.88     | 1.0857e-02  | 5.3525e-05  |  1.00e+00   |    0.00     
     28      |     85      |     FTH     |    2967     |    5.21     | 7.2765e-03  | 1.9066e-05  |  1.00e+00   |    0.00     
     29      |     85      |     FTH     |    3149     |    5.53     | 4.6105e-03  | 1.1825e-05  |  1.00e+00   |    0.00     
     30      |     85      |     FTH     |    3331     |    5.86     | 3.0809e-03  | 8.5731e-06  |  1.00e+00   |    0.00     
     31      |     85      |     FTH     |    3513     |    6.18     | 2.1615e-03  | 6.6528e-06  |  1.00e+00   |    0.00     
     32      |     85      |     FTH     |    3695     |    6.50     | 1.5922e-03  | 5.2303e-06  |  1.00e+00   |    0.00     
     33      |     65      |     FTH     |    3836     |    6.75     | 1.2178e-03  | 4.1409e-06  |  1.00e+00   |    0.00     
     34      |     65      |     FTH     |    3978     |    7.00     | 9.5794e-04  | 3.3457e-06  |  1.00e+00   |    0.00     
     35      |     65      |     FTH     |    4119     |    7.25     | 7.7140e-04  | 2.7108e-06  |  1.00e+00   |    0.00     
     36      |     65      |     FTH     |    4260     |    7.50     | 6.3291e-04  | 2.2427e-06  |  1.00e+00   |    0.00     
     37      |     65      |     FTH     |    4401     |    7.75     | 5.2766e-04  | 1.8692e-06  |  1.00e+00   |    0.00     
     38      |     65      |     FTH     |    4543     |    8.00     | 4.4570e-04  | 1.5907e-06  |  1.00e+00   |    0.00     
     39      |     45      |     FTH     |    4644     |    8.18     | 3.8105e-04  | 1.3541e-06  |  1.00e+00   |    0.00     
     40      |     45      |     FTH     |    4745     |    8.36     | 3.2904e-04  | 1.1803e-06  |  1.00e+00   |    0.00     
     41      |     45      |     FTH     |    4846     |    8.54     | 2.8684e-04  | 1.0224e-06  |  1.00e+00   |    0.00     
     42      |     45      |     FTH     |    4946     |    8.71     | 2.5197e-04  | 9.0274e-07  |  1.00e+00   |    0.00     

******************************************
               Running on cuda:0 
******************************************
Regulariser          :                 None
Dataset              :                  DTD
Data size            :        (3760, 67500)
Classes              :           (3760, 47)
No. Samples          :                 3760
Dimensions           :              3172500
x0                   :              uniform
Algorithm            :             NewtonCG
................................................................................................................
     ite     |    inite    |    orcs     |    time     |      f      |   g_norm    |    alpha    |     acc     
................................................................................................................
      0      |      0      |      0      |    0.00     | 3.9615e+00  | 1.3635e-02  |  0.00e+00   |    0.00     
      1      |     258     |     519     |    0.89     | 1.9239e-01  | 4.6711e-03  |  1.00e+00   |    0.00     
      2      |     38      |     599     |    1.03     | 1.1562e-01  | 1.8112e-03  |  5.00e-01   |    0.00     
      3      |    10000    |    20616    |    35.89    | 1.0649e-01  | 1.9632e-03  |  6.10e-05   |    0.00     
      4      |     108     |    20837    |    36.28    | 8.7357e-02  | 1.5291e-03  |  2.50e-01   |    0.00     
      5      |    10000    |    40856    |    71.40    | 6.7358e-02  | 1.7938e-03  |  1.53e-05   |    0.00     
      6      |     360     |    41585    |    72.68    | 5.5542e-02  | 1.5073e-03  |  1.56e-02   |    0.00     
      7      |     39      |    41666    |    72.81    | 2.8561e-02  | 5.1531e-04  |  1.00e+00   |    0.00     
      8      |     70      |    41809    |    73.06    | 1.6388e-02  | 3.6908e-04  |  1.00e+00   |    0.00     
      9      |    10000    |    61829    |   108.22    | 1.2887e-02  | 3.4223e-04  |  7.63e-06   |    0.00     
     10      |     73      |    61978    |   108.47    | 5.0194e-03  | 7.0669e-05  |  1.00e+00   |    0.00     
     11      |     72      |    62125    |   108.73    | 2.1686e-03  | 5.6705e-05  |  1.00e+00   |    0.00     
     12      |     77      |    62282    |   109.00    | 8.9702e-04  | 1.9367e-05  |  1.00e+00   |    0.00     
     13      |     77      |    62439    |   109.28    | 3.7542e-04  | 8.4930e-06  |  1.00e+00   |    0.00     
     14      |     85      |    62612    |   109.58    | 1.5465e-04  | 3.1996e-06  |  1.00e+00   |    0.00     
     15      |     85      |    62785    |   109.88    | 6.4445e-05  | 1.1685e-06  |  1.00e+00   |    0.00     
     16      |     94      |    62976    |   110.21    | 2.6273e-05  | 4.5547e-07  |  1.00e+00   |    0.00     

******************************************
               Running on cuda:0 
******************************************
Regulariser          :                 None
Dataset              :                  DTD
Data size            :        (3760, 67500)
Classes              :           (3760, 47)
No. Samples          :                 3760
Dimensions           :              3172500
x0                   :              uniform
Algorithm            :                AdaN+
................................................................................................................
     ite     |    orcs     |    time     |    relr     |    lite     |      f      |   g_norm    |     acc     
................................................................................................................
      0      |      0      |    0.00     | 0.0000e+00  |      0      | 3.9615e+00  | 8.9763e+00  |    0.00     
      1      |    1370     |    2.52     | 8.2947e-33  |      1      | 3.0364e+00  | 1.0463e+01  |    0.00     
      2      |    1698     |    3.10     | 8.3768e-33  |      1      | 2.9086e+00  | 1.9103e+00  |    0.00     
      3      |    1878     |    3.42     | 8.4183e-33  |      1      | 2.8935e+00  | 6.3105e-01  |    0.00     
      4      |    2074     |    3.77     | 9.3532e-33  |      1      | 2.8761e+00  | 5.3888e-01  |    0.00     
      5      |    2304     |    4.18     | 5.1739e-33  |      1      | 2.8510e+00  | 5.2450e-01  |    0.00     
      6      |    2564     |    4.64     | 7.9117e-33  |      1      | 2.8165e+00  | 5.1290e-01  |    0.00     
      7      |    2866     |    5.18     | 7.3811e-33  |      1      | 2.7696e+00  | 5.0067e-01  |    0.00     
      8      |    3216     |    5.80     | 5.1353e-33  |      1      | 2.7060e+00  | 4.8595e-01  |    0.00     
      9      |    3620     |    6.52     | 7.3925e-33  |      1      | 2.6212e+00  | 4.6757e-01  |    0.00     
     10      |    4098     |    7.37     | 3.6378e-33  |      1      | 2.5099e+00  | 4.4464e-01  |    0.00     
     11      |    4658     |    8.37     | 9.1460e-33  |      1      | 2.3673e+00  | 4.1645e-01  |    0.00     
     12      |    5318     |    9.55     | 7.1122e-33  |      1      | 2.1897e+00  | 3.8272e-01  |    0.00     
     13      |    6114     |    10.96    | 8.9036e-33  |      1      | 1.9765e+00  | 3.4379e-01  |    0.00     
     14      |    7098     |    12.72    | 5.3012e-33  |      1      | 1.7316e+00  | 3.0084e-01  |    0.00     
     15      |    8320     |    14.90    | 8.8666e-33  |      1      | 1.4646e+00  | 2.5565e-01  |    0.00     
     16      |    9836     |    17.61    | 6.8171e-33  |      1      | 1.1899e+00  | 2.1101e-01  |    0.00     
     17      |    11732    |    20.99    | 5.5002e-33  |      1      | 9.2458e-01  | 1.6933e-01  |    0.00     
     18      |    14100    |    25.20    | 6.8535e-33  |      1      | 6.8473e-01  | 1.3024e-01  |    0.00     
     19      |    17048    |    30.45    | 9.2028e-33  |      1      | 4.8295e-01  | 9.7701e-02  |    0.00     
     20      |    20342    |    36.32    | 9.6720e-33  |      1      | 3.3988e-01  | 7.0045e-02  |    0.00     
     21      |    24012    |    42.87    | 9.4777e-33  |      1      | 2.3687e-01  | 5.0605e-02  |    0.00     
     22      |    27898    |    49.81    | 9.6316e-33  |      1      | 1.6731e-01  | 3.7385e-02  |    0.00     
     23      |    31878    |    56.92    | 7.6746e-33  |      1      | 1.2028e-01  | 2.7712e-02  |    0.00     
     24      |    35864    |    64.05    | 9.5932e-33  |      1      | 8.8288e-02  | 2.0693e-02  |    0.00     
     25      |    39904    |    71.27    | 9.3936e-33  |      1      | 6.5459e-02  | 1.5422e-02  |    0.00     
     26      |    44126    |    78.83    | 6.9187e-33  |      1      | 4.8043e-02  | 1.1425e-02  |    0.00     
     27      |    48650    |    86.92    | 7.7207e-33  |      1      | 3.4358e-02  | 8.3988e-03  |    0.00     
     28      |    53382    |    95.40    | 8.2160e-33  |      1      | 2.4235e-02  | 6.2800e-03  |    0.00     
     29      |    58056    |   103.78    | 8.6743e-33  |      1      | 1.7437e-02  | 4.5539e-03  |    0.00     
     30      |    62712    |   112.13    | 7.0928e-33  |      1      | 1.2673e-02  | 3.2899e-03  |    0.00     
     31      |    67424    |   120.58    | 8.0196e-33  |      1      | 9.2158e-03  | 2.4037e-03  |    0.00     
     32      |    72190    |   129.14    | 8.3696e-33  |      1      | 6.7118e-03  | 1.7499e-03  |    0.00     
     33      |    77042    |   137.84    | 9.5402e-33  |      1      | 4.8762e-03  | 1.2583e-03  |    0.00     
     34      |    82088    |   146.90    | 9.8869e-33  |      1      | 3.4987e-03  | 8.9191e-04  |    0.00     
     35      |    87412    |   156.47    | 9.6452e-33  |      1      | 2.4562e-03  | 6.1887e-04  |    0.00     
     36      |    93156    |   166.77    | 8.9896e-33  |      1      | 1.6763e-03  | 4.1727e-04  |    0.00     
     37      |    99366    |   177.92    | 5.2109e-33  |      1      | 1.1080e-03  | 2.7225e-04  |    0.00     
     38      |   106042    |   189.91    | 8.8708e-33  |      1      | 7.0871e-04  | 1.7180e-04  |    0.00     

******************************************
               Running on cuda:0 
******************************************
Regulariser          :                 None
Dataset              :                  DTD
Data size            :        (3760, 67500)
Classes              :           (3760, 47)
No. Samples          :                 3760
Dimensions           :              3172500
x0                   :              uniform
Algorithm            :                 AdaN
................................................................................................................
     ite     |    orcs     |    time     |    relr     |    lite     |      f      |   g_norm    |     acc     
................................................................................................................
      0      |      0      |    0.00     | 0.0000e+00  |      0      | 3.9615e+00  | 8.9763e+00  |    0.00     
      1      |    12612    |    22.42    | 7.3871e-33  |     17      | 3.8318e+00  | 2.8837e+00  |    0.00     
      2      |    12812    |    22.77    | 7.1860e-33  |      1      | 3.7739e+00  | 1.0505e+00  |    0.00     
      3      |    13060    |    23.21    | 4.9593e-33  |      1      | 3.6935e+00  | 8.4459e-01  |    0.00     
      4      |    13354    |    23.73    | 7.1166e-33  |      1      | 3.5968e+00  | 7.3970e-01  |    0.00     
      5      |    13702    |    24.34    | 9.5014e-33  |      1      | 3.4734e+00  | 6.8108e-01  |    0.00     
      6      |    14114    |    25.07    | 3.7896e-33  |      1      | 3.3164e+00  | 6.3244e-01  |    0.00     
      7      |    14596    |    25.92    | 7.4374e-33  |      1      | 3.1207e+00  | 5.8209e-01  |    0.00     
      8      |    15166    |    26.93    | 6.6078e-33  |      1      | 2.8823e+00  | 5.2793e-01  |    0.00     
      9      |    15844    |    28.14    | 5.7397e-33  |      1      | 2.6008e+00  | 4.6961e-01  |    0.00     
     10      |    16658    |    29.58    | 9.4668e-33  |      1      | 2.2813e+00  | 4.0783e-01  |    0.00     
     11      |    17664    |    31.37    | 6.8998e-33  |      1      | 1.9354e+00  | 3.4520e-01  |    0.00     
     12      |    18920    |    33.60    | 9.3745e-33  |      1      | 1.5807e+00  | 2.8440e-01  |    0.00     
     13      |    20512    |    36.44    | 8.3793e-33  |      1      | 1.2385e+00  | 2.2743e-01  |    0.00     
     14      |    22524    |    40.02    | 8.7883e-33  |      1      | 9.2771e-01  | 1.7768e-01  |    0.00     
     15      |    25054    |    44.53    | 9.8720e-33  |      1      | 6.6288e-01  | 1.3196e-01  |    0.00     
     16      |    28246    |    50.22    | 6.6261e-33  |      1      | 4.5039e-01  | 9.6672e-02  |    0.00     
     17      |    32134    |    57.16    | 9.1076e-33  |      1      | 2.9275e-01  | 6.7601e-02  |    0.00     
     18      |    36746    |    65.38    | 9.6246e-33  |      1      | 1.8239e-01  | 5.1022e-02  |    0.00     
     19      |    41974    |    74.73    | 7.5088e-33  |      1      | 1.1141e-01  | 3.8312e-02  |    0.00     
     20      |    52728    |    93.96    | 8.3715e-33  |      2      | 7.3816e-02  | 2.3168e-02  |    0.00     
     21      |    58514    |   104.32    | 6.1942e-33  |      1      | 4.5509e-02  | 1.5938e-02  |    0.00     
     22      |    64846    |   115.65    | 9.9177e-33  |      1      | 2.7129e-02  | 9.7945e-03  |    0.00     
     23      |    77680    |   138.65    | 8.3755e-33  |      2      | 1.7290e-02  | 5.8601e-03  |    0.00     
     24      |    84284    |   150.47    | 7.3870e-33  |      1      | 1.0547e-02  | 4.0644e-03  |    0.00     
     25      |    96954    |   173.17    | 7.9826e-33  |      2      | 6.9547e-03  | 2.3534e-03  |    0.00     
     26      |   103528    |   184.93    | 9.9044e-33  |      1      | 4.3546e-03  | 1.5160e-03  |    0.00     

******************************************
               Running on cuda:0 
******************************************
Regulariser          :                 None
Dataset              :                  DTD
Data size            :        (3760, 67500)
Classes              :           (3760, 47)
No. Samples          :                 3760
Dimensions           :              3172500
x0                   :              uniform
Algorithm            :          TR_Steihaug
..............................................................................................................................
     ite     |    inite    |    dtype    |    orcs     |    time     |      f      |   g_norm    |    delta    |     acc     
..............................................................................................................................
      0      |      0      |    None     |      0      |    0.00     | 3.9615e+00  | 8.9763e+00  |  1.00e+01   |    0.00     
      1      |     43      |    SOL,=    |     90      |    0.17     | 2.5294e+00  | 2.0257e+01  |  1.00e+01   |    0.00     
      2      |     10      |    SOL,<    |     114     |    0.20     | 2.3276e+00  | 2.1261e+01  |  2.50e+00   |    0.00     
      3      |     10      |    SOL,<    |     138     |    0.25     | 1.7916e+00  | 1.1669e+01  |  2.50e+00   |    0.00     
      4      |      5      |    SOL,<    |     152     |    0.27     | 1.6573e+00  | 3.9895e+00  |  2.50e+00   |    0.00     
      5      |     22      |    SOL,=    |     200     |    0.35     | 1.4001e+00  | 1.2553e+01  |  2.50e+00   |    0.00     
      6      |     18      |    SOL,<    |     240     |    0.42     | 1.1032e+00  | 5.4415e+00  |  2.50e+00   |    0.00     
      7      |     35      |    SOL,=    |     314     |    0.55     | 8.5315e-01  | 3.6935e+00  |  2.50e+00   |    0.00     
      8      |     39      |    SOL,=    |     396     |    0.69     | 7.7264e-01  | 6.3705e+00  |  6.25e-01   |    0.00     
      9      |     15      |    SOL,=    |     430     |    0.75     | 5.7531e-01  | 2.6405e+00  |  1.25e+00   |    0.00     
     10      |     30      |    SOL,=    |     494     |    0.87     | 4.6131e-01  | 1.4670e+00  |  2.50e+00   |    0.00     
     11      |     40      |    SOL,=    |     578     |    1.02     | 4.4113e-01  | 2.2714e+00  |  6.25e-01   |    0.00     
     12      |     13      |    SOL,=    |     608     |    1.07     | 3.4094e-01  | 1.9553e+00  |  1.25e+00   |    0.00     
     13      |     29      |    SOL,=    |     670     |    1.18     | 2.9686e-01  | 1.9356e+00  |  1.25e+00   |    0.00     
     14      |     32      |    SOL,=    |     738     |    1.30     | 2.7172e-01  | 9.7069e-01  |  1.25e+00   |    0.00     
     15      |     39      |    SOL,=    |     820     |    1.45     | 2.6578e-01  | 2.0109e+00  |  3.12e-01   |    0.00     
     16      |     12      |    SOL,=    |     848     |    1.50     | 2.1866e-01  | 1.0869e+00  |  6.25e-01   |    0.00     
     17      |     26      |    SOL,=    |     904     |    1.60     | 1.9641e-01  | 4.2698e-01  |  1.25e+00   |    0.00     
     18      |     35      |    SOL,=    |     978     |    1.73     | 1.9324e-01  | 8.5051e-01  |  3.12e-01   |    0.00     
     19      |     17      |    SOL,=    |    1016     |    1.79     | 1.6811e-01  | 5.3875e-01  |  6.25e-01   |    0.00     
     20      |     24      |    SOL,=    |    1068     |    1.89     | 1.4928e-01  | 2.8586e-01  |  1.25e+00   |    0.00     
     21      |     34      |    SOL,=    |    1140     |    2.01     | 1.4928e-01  | 2.8586e-01  |  3.12e-01   |    0.00     
     22      |     21      |    SOL,=    |    1186     |    2.10     | 1.4111e-01  | 1.7481e-01  |  6.25e-01   |    0.00     
     23      |     28      |    SOL,=    |    1246     |    2.20     | 1.2993e-01  | 1.1952e-01  |  1.25e+00   |    0.00     
     24      |     38      |    SOL,=    |    1326     |    2.34     | 1.1523e-01  | 2.6167e-01  |  1.25e+00   |    0.00     
     25      |     41      |    SOL,=    |    1412     |    2.50     | 1.1523e-01  | 2.6167e-01  |  3.12e-01   |    0.00     
     26      |     18      |    SOL,=    |    1452     |    2.57     | 1.0299e-01  | 2.1820e-01  |  3.12e-01   |    0.00     
     27      |     21      |    SOL,=    |    1498     |    2.65     | 1.0201e-01  | 1.5062e-01  |  7.81e-02   |    0.00     
     28      |      5      |    SOL,=    |    1512     |    2.67     | 9.7171e-02  | 3.2973e-01  |  1.56e-01   |    0.00     
     29      |     18      |    SOL,=    |    1552     |    2.74     | 9.3209e-02  | 1.4842e-01  |  3.12e-01   |    0.00     
     30      |     20      |    SOL,=    |    1596     |    2.82     | 9.0114e-02  | 2.1560e-01  |  6.25e-01   |    0.00     
     31      |     29      |    SOL,=    |    1658     |    2.93     | 8.5086e-02  | 2.0948e-01  |  6.25e-01   |    0.00     
     32      |     32      |    SOL,=    |    1726     |    3.05     | 8.2676e-02  | 1.4751e-01  |  1.56e-01   |    0.00     
     33      |      6      |    SOL,=    |    1742     |    3.08     | 7.4052e-02  | 2.6106e-01  |  3.12e-01   |    0.00     
     34      |     22      |    SOL,=    |    1790     |    3.16     | 6.9314e-02  | 1.0318e-01  |  6.25e-01   |    0.00     
     35      |     30      |    SOL,=    |    1854     |    3.28     | 6.8092e-02  | 1.5892e-01  |  1.56e-01   |    0.00     
     36      |      6      |    SOL,=    |    1870     |    3.30     | 6.3434e-02  | 3.2158e-01  |  1.56e-01   |    0.00     
     37      |     20      |    SOL,=    |    1914     |    3.38     | 5.9405e-02  | 7.5868e-02  |  3.12e-01   |    0.00     
     38      |     20      |    SOL,=    |    1958     |    3.46     | 5.6536e-02  | 8.2996e-02  |  6.25e-01   |    0.00     
     39      |     31      |    SOL,=    |    2024     |    3.57     | 5.6019e-02  | 1.3310e-01  |  1.56e-01   |    0.00     
     40      |      5      |    SOL,=    |    2038     |    3.60     | 5.2867e-02  | 4.1739e-01  |  1.56e-01   |    0.00     
     41      |     21      |    SOL,=    |    2084     |    3.68     | 4.9131e-02  | 8.7886e-02  |  3.12e-01   |    0.00     
     42      |     22      |    SOL,=    |    2132     |    3.76     | 4.6144e-02  | 7.4927e-02  |  6.25e-01   |    0.00     
     43      |     30      |    SOL,=    |    2196     |    3.88     | 4.1910e-02  | 7.9825e-02  |  1.25e+00   |    0.00     
     44      |     43      |    SOL,=    |    2286     |    4.04     | 3.6638e-02  | 1.3981e-01  |  1.25e+00   |    0.00     
     45      |     50      |    SOL,=    |    2390     |    4.22     | 3.6638e-02  | 1.3981e-01  |  3.12e-01   |    0.00     
     46      |     19      |    SOL,=    |    2432     |    4.30     | 3.1763e-02  | 7.3599e-02  |  6.25e-01   |    0.00     
     47      |     34      |    SOL,=    |    2504     |    4.43     | 2.8874e-02  | 5.9661e-02  |  1.25e+00   |    0.00     
     48      |     53      |    SOL,=    |    2614     |    4.62     | 2.8874e-02  | 5.9661e-02  |  3.12e-01   |    0.00     
     49      |     24      |    SOL,=    |    2666     |    4.71     | 2.7624e-02  | 5.5887e-02  |  3.12e-01   |    0.00     
     50      |     27      |    SOL,=    |    2724     |    4.81     | 2.6328e-02  | 8.3893e-02  |  3.12e-01   |    0.00     
     51      |     30      |    SOL,=    |    2788     |    4.93     | 2.4901e-02  | 3.2553e-02  |  3.12e-01   |    0.00     
     52      |     24      |    SOL,=    |    2840     |    5.02     | 2.4034e-02  | 4.6996e-02  |  3.12e-01   |    0.00     
     53      |     25      |    SOL,=    |    2894     |    5.12     | 2.4034e-02  | 4.6996e-02  |  7.81e-02   |    0.00     
     54      |      9      |    SOL,=    |    2916     |    5.16     | 2.3134e-02  | 4.3055e-02  |  1.56e-01   |    0.00     
     55      |     21      |    SOL,=    |    2962     |    5.24     | 2.2248e-02  | 2.3808e-02  |  3.12e-01   |    0.00     
     56      |     22      |    SOL,=    |    3010     |    5.32     | 2.1394e-02  | 3.5442e-02  |  6.25e-01   |    0.00     
     57      |     34      |    SOL,=    |    3082     |    5.45     | 1.9364e-02  | 6.7248e-02  |  1.25e+00   |    0.00     
     58      |     45      |    SOL,=    |    3176     |    5.61     | 1.6820e-02  | 5.1816e-02  |  1.25e+00   |    0.00     
     59      |     38      |    SOL,=    |    3256     |    5.76     | 1.6820e-02  | 5.1816e-02  |  3.12e-01   |    0.00     
     60      |     14      |    SOL,=    |    3288     |    5.81     | 1.6820e-02  | 5.1816e-02  |  7.81e-02   |    0.00     
     61      |      6      |    SOL,=    |    3304     |    5.84     | 1.5412e-02  | 8.4701e-02  |  1.56e-01   |    0.00     
     62      |     12      |    SOL,=    |    3332     |    5.89     | 1.4824e-02  | 3.8715e-02  |  1.56e-01   |    0.00     
     63      |     23      |    SOL,=    |    3382     |    5.98     | 1.4101e-02  | 2.3271e-02  |  1.56e-01   |    0.00     
     64      |     19      |    SOL,=    |    3424     |    6.05     | 1.3717e-02  | 1.9870e-02  |  1.56e-01   |    0.00     
     65      |     22      |    SOL,=    |    3472     |    6.14     | 1.3541e-02  | 2.0875e-02  |  3.91e-02   |    0.00     
     66      |      4      |    SOL,=    |    3484     |    6.16     | 1.3251e-02  | 4.7707e-02  |  3.91e-02   |    0.00     
     67      |     12      |    SOL,=    |    3512     |    6.21     | 1.3003e-02  | 1.3081e-02  |  7.81e-02   |    0.00     
     68      |     12      |    SOL,=    |    3540     |    6.25     | 1.2835e-02  | 1.6210e-02  |  1.56e-01   |    0.00     
     69      |     17      |    SOL,=    |    3578     |    6.32     | 1.2551e-02  | 2.6749e-02  |  3.12e-01   |    0.00     
     70      |     27      |    SOL,=    |    3636     |    6.42     | 1.1824e-02  | 1.8110e-02  |  6.25e-01   |    0.00     
     71      |     32      |    SOL,=    |    3704     |    6.54     | 1.0599e-02  | 2.9911e-02  |  1.25e+00   |    0.00     
     72      |     44      |    SOL,=    |    3796     |    6.71     | 8.7569e-03  | 4.7860e-02  |  2.50e+00   |    0.00     
     73      |     70      |    SOL,=    |    3940     |    6.97     | 5.5281e-03  | 8.4538e-02  |  5.00e+00   |    0.00     
     74      |     12      |    SOL,<    |    3968     |    7.02     | 4.8463e-03  | 2.2158e-02  |  5.00e+00   |    0.00     
     75      |     107     |    SOL,<    |    4186     |    7.40     | 1.9239e-03  | 9.2943e-03  |  5.00e+00   |    0.00     
     76      |     98      |    SOL,<    |    4386     |    7.76     | 8.0211e-04  | 4.3264e-03  |  5.00e+00   |    0.00     
     77      |     98      |    SOL,<    |    4586     |    8.12     | 3.3904e-04  | 1.8646e-03  |  5.00e+00   |    0.00     
     78      |     100     |    SOL,<    |    4790     |    8.49     | 1.5429e-04  | 3.2171e-03  |  5.00e+00   |    0.00     
     79      |      2      |    SOL,<    |    4798     |    8.50     | 1.4648e-04  | 1.0229e-03  |  5.00e+00   |    0.00     
     80      |     101     |    SOL,<    |    5004     |    8.87     | 6.2764e-05  | 3.7986e-04  |  5.00e+00   |    0.00     
     81      |     101     |    SOL,<    |    5210     |    9.24     | 2.7297e-05  | 1.4851e-04  |  5.00e+00   |    0.00     
     82      |     113     |    SOL,<    |    5440     |    9.65     | 1.1040e-05  | 5.6879e-05  |  5.00e+00   |    0.00     
     83      |     102     |    SOL,<    |    5648     |    10.03    | 4.6202e-06  | 2.2900e-05  |  5.00e+00   |    0.00     
     84      |     107     |    SOL,<    |    5866     |    10.42    | 1.9346e-06  | 9.4725e-06  |  5.00e+00   |    0.00     
     85      |     117     |    SOL,<    |    6104     |    10.84    | 7.7461e-07  | 3.7663e-06  |  5.00e+00   |    0.00     
     86      |     110     |    SOL,<    |    6328     |    11.25    | 3.1078e-07  | 1.4806e-06  |  5.00e+00   |    0.00     
     87      |     106     |    SOL,<    |    6544     |    11.63    | 1.2845e-07  | 5.9618e-07  |  5.00e+00   |    0.00     

******************************************
               Running on cuda:0 
******************************************
Regulariser          :                 None
Dataset              :                  DTD
Data size            :        (3760, 67500)
Classes              :           (3760, 47)
No. Samples          :                 3760
Dimensions           :              3172500
x0                   :              uniform
Algorithm            :               L-BFGS
................................................................................................................
     ite     |    orcs     |    time     |      f      |   g_norm    |    iteLS    |    alpha    |     acc     
................................................................................................................
      0      |      0      |    0.00     | 3.9615e+00  | 8.9763e+00  |      0      |  0.00e+00   |    0.00     
      1      |     22      |    0.05     | 3.8537e+00  | 2.4671e+00  |      4      |  2.74e-03   |    0.00     
      2      |     26      |    0.05     | 3.8435e+00  | 1.4798e+00  |      1      |  1.00e+00   |    0.00     
      3      |     32      |    0.06     | 3.8331e+00  | 2.6141e+00  |      2      |  2.00e+00   |    0.00     
      4      |     42      |    0.08     | 3.7653e+00  | 4.5521e+00  |      4      |  8.00e+00   |    0.00     
      5      |     46      |    0.08     | 3.7036e+00  | 3.2098e+00  |      1      |  1.00e+00   |    0.00     
      6      |     50      |    0.09     | 3.6799e+00  | 1.9250e+00  |      1      |  1.00e+00   |    0.00     
      7      |     54      |    0.10     | 3.6707e+00  | 1.1562e+00  |      1      |  1.00e+00   |    0.00     
      8      |     60      |    0.11     | 3.6587e+00  | 2.1660e+00  |      2      |  2.00e+00   |    0.00     
      9      |     66      |    0.12     | 3.6363e+00  | 2.6081e+00  |      2      |  2.00e+00   |    0.00     
     10      |     72      |    0.13     | 3.5459e+00  | 4.2745e+00  |      2      |  2.00e+00   |    0.00     
     11      |     76      |    0.14     | 3.4278e+00  | 6.7287e+00  |      1      |  1.00e+00   |    0.00     
     12      |     80      |    0.15     | 3.2981e+00  | 5.2706e+00  |      1      |  1.00e+00   |    0.00     
     13      |     84      |    0.16     | 3.2323e+00  | 4.7343e+00  |      1      |  1.00e+00   |    0.00     
     14      |     88      |    0.18     | 3.1955e+00  | 4.1374e+00  |      1      |  1.00e+00   |    0.00     
     15      |     92      |    0.19     | 3.1716e+00  | 2.0713e+00  |      1      |  1.00e+00   |    0.00     
     16      |     96      |    0.20     | 3.1622e+00  | 1.8329e+00  |      1      |  1.00e+00   |    0.00     
     17      |     104     |    0.22     | 3.1060e+00  | 4.5445e+00  |      3      |  4.00e+00   |    0.00     
     18      |     110     |    0.23     | 2.9710e+00  | 4.9963e+00  |      2      |  2.00e+00   |    0.00     
     19      |     114     |    0.25     | 2.8830e+00  | 5.6058e+00  |      1      |  1.00e+00   |    0.00     
     20      |     118     |    0.26     | 2.7843e+00  | 3.9810e+00  |      1      |  1.00e+00   |    0.00     
     21      |     128     |    0.29     | 2.7352e+00  | 2.3529e+00  |      2      |  5.62e-01   |    0.00     
     22      |     132     |    0.30     | 2.7165e+00  | 2.1305e+00  |      1      |  1.00e+00   |    0.00     
     23      |     138     |    0.32     | 2.6900e+00  | 2.3927e+00  |      2      |  2.00e+00   |    0.00     
     24      |     144     |    0.34     | 2.6304e+00  | 6.6462e+00  |      2      |  2.00e+00   |    0.00     
     25      |     150     |    0.35     | 2.5135e+00  | 5.4507e+00  |      2      |  2.00e+00   |    0.00     
     26      |     154     |    0.37     | 2.4092e+00  | 3.5396e+00  |      1      |  1.00e+00   |    0.00     
     27      |     158     |    0.38     | 2.3749e+00  | 3.5146e+00  |      1      |  1.00e+00   |    0.00     
     28      |     162     |    0.39     | 2.3528e+00  | 1.9152e+00  |      1      |  1.00e+00   |    0.00     
     29      |     166     |    0.41     | 2.3352e+00  | 1.9541e+00  |      1      |  1.00e+00   |    0.00     
     30      |     172     |    0.43     | 2.3062e+00  | 5.1131e+00  |      2      |  2.00e+00   |    0.00     
     31      |     178     |    0.44     | 2.2451e+00  | 3.1149e+00  |      2      |  2.00e+00   |    0.00     
     32      |     182     |    0.46     | 2.1681e+00  | 2.6890e+00  |      1      |  1.00e+00   |    0.00     
     33      |     186     |    0.47     | 2.1024e+00  | 4.2311e+00  |      1      |  1.00e+00   |    0.00     
     34      |     190     |    0.48     | 2.0477e+00  | 4.0072e+00  |      1      |  1.00e+00   |    0.00     
     35      |     196     |    0.50     | 1.9705e+00  | 3.7673e+00  |      2      |  2.00e+00   |    0.00     
     36      |     206     |    0.53     | 1.9321e+00  | 4.2314e+00  |      2      |  5.87e-01   |    0.00     
     37      |     210     |    0.54     | 1.8872e+00  | 2.3541e+00  |      1      |  1.00e+00   |    0.00     
     38      |     214     |    0.55     | 1.8682e+00  | 2.3070e+00  |      1      |  1.00e+00   |    0.00     
     39      |     218     |    0.57     | 1.8573e+00  | 1.8401e+00  |      1      |  1.00e+00   |    0.00     
     40      |     222     |    0.58     | 1.8399e+00  | 1.6139e+00  |      1      |  1.00e+00   |    0.00     
     41      |     228     |    0.60     | 1.8123e+00  | 3.0942e+00  |      2      |  2.00e+00   |    0.00     
     42      |     232     |    0.61     | 1.7835e+00  | 2.5115e+00  |      1      |  1.00e+00   |    0.00     
     43      |     236     |    0.63     | 1.7413e+00  | 2.0278e+00  |      1      |  1.00e+00   |    0.00     
     44      |     240     |    0.64     | 1.7017e+00  | 3.0230e+00  |      1      |  1.00e+00   |    0.00     
     45      |     244     |    0.65     | 1.6924e+00  | 2.4718e+00  |      1      |  1.00e+00   |    0.00     
     46      |     248     |    0.67     | 1.6788e+00  | 1.6729e+00  |      1      |  1.00e+00   |    0.00     
     47      |     252     |    0.68     | 1.6611e+00  | 1.6142e+00  |      1      |  1.00e+00   |    0.00     
     48      |     260     |    0.70     | 1.6097e+00  | 5.1838e+00  |      3      |  4.00e+00   |    0.00     
     49      |     264     |    0.72     | 1.5516e+00  | 3.0097e+00  |      1      |  1.00e+00   |    0.00     
     50      |     268     |    0.73     | 1.4977e+00  | 1.5762e+00  |      1      |  1.00e+00   |    0.00     
     51      |     272     |    0.74     | 1.4809e+00  | 1.7694e+00  |      1      |  1.00e+00   |    0.00     
     52      |     276     |    0.76     | 1.4715e+00  | 1.3895e+00  |      1      |  1.00e+00   |    0.00     
     53      |     282     |    0.77     | 1.4589e+00  | 1.5167e+00  |      2      |  2.00e+00   |    0.00     
     54      |     288     |    0.79     | 1.4393e+00  | 2.5472e+00  |      2      |  2.00e+00   |    0.00     
     55      |     292     |    0.81     | 1.4167e+00  | 1.7634e+00  |      1      |  1.00e+00   |    0.00     
     56      |     296     |    0.82     | 1.3843e+00  | 1.4869e+00  |      1      |  1.00e+00   |    0.00     
     57      |     300     |    0.83     | 1.3519e+00  | 1.9621e+00  |      1      |  1.00e+00   |    0.00     
     58      |     304     |    0.85     | 1.3197e+00  | 1.8016e+00  |      1      |  1.00e+00   |    0.00     
     59      |     308     |    0.86     | 1.2880e+00  | 1.8793e+00  |      1      |  1.00e+00   |    0.00     
     60      |     312     |    0.87     | 1.2663e+00  | 2.2498e+00  |      1      |  1.00e+00   |    0.00     
     61      |     316     |    0.89     | 1.2518e+00  | 1.0112e+00  |      1      |  1.00e+00   |    0.00     
     62      |     322     |    0.90     | 1.2391e+00  | 1.8235e+00  |      2      |  2.00e+00   |    0.00     
     63      |     328     |    0.92     | 1.2196e+00  | 2.6734e+00  |      2      |  2.00e+00   |    0.00     
     64      |     332     |    0.94     | 1.1921e+00  | 1.7250e+00  |      1      |  1.00e+00   |    0.00     
     65      |     336     |    0.95     | 1.1705e+00  | 1.4989e+00  |      1      |  1.00e+00   |    0.00     
     66      |     340     |    0.96     | 1.1574e+00  | 1.9438e+00  |      1      |  1.00e+00   |    0.00     
     67      |     346     |    0.98     | 1.1361e+00  | 2.0312e+00  |      2      |  2.00e+00   |    0.00     
     68      |     350     |    0.99     | 1.1116e+00  | 1.7956e+00  |      1      |  1.00e+00   |    0.00     
     69      |     354     |    1.01     | 1.0775e+00  | 2.2737e+00  |      1      |  1.00e+00   |    0.00     
     70      |     358     |    1.02     | 1.0448e+00  | 2.1782e+00  |      1      |  1.00e+00   |    0.00     
     71      |     362     |    1.04     | 1.0158e+00  | 1.3179e+00  |      1      |  1.00e+00   |    0.00     
     72      |     366     |    1.05     | 1.0035e+00  | 1.2633e+00  |      1      |  1.00e+00   |    0.00     
     73      |     370     |    1.06     | 9.8831e-01  | 1.3050e+00  |      1      |  1.00e+00   |    0.00     
     74      |     374     |    1.08     | 9.6629e-01  | 1.5713e+00  |      1      |  1.00e+00   |    0.00     
     75      |     378     |    1.09     | 9.4297e-01  | 1.9861e+00  |      1      |  1.00e+00   |    0.00     
     76      |     382     |    1.10     | 9.2480e-01  | 1.5081e+00  |      1      |  1.00e+00   |    0.00     
     77      |     386     |    1.12     | 9.1211e-01  | 1.0098e+00  |      1      |  1.00e+00   |    0.00     
     78      |     390     |    1.13     | 9.0391e-01  | 1.0086e+00  |      1      |  1.00e+00   |    0.00     
     79      |     394     |    1.15     | 8.9170e-01  | 1.1884e+00  |      1      |  1.00e+00   |    0.00     
     80      |     398     |    1.16     | 8.7887e-01  | 2.9098e+00  |      1      |  1.00e+00   |    0.00     
     81      |     402     |    1.17     | 8.5915e-01  | 1.4064e+00  |      1      |  1.00e+00   |    0.00     
     82      |     408     |    1.19     | 8.3768e-01  | 1.4405e+00  |      2      |  2.00e+00   |    0.00     
     83      |     414     |    1.21     | 8.1842e-01  | 1.7424e+00  |      2      |  2.00e+00   |    0.00     
     84      |     418     |    1.22     | 7.9588e-01  | 1.1051e+00  |      1      |  1.00e+00   |    0.00     
     85      |     422     |    1.23     | 7.7288e-01  | 1.1119e+00  |      1      |  1.00e+00   |    0.00     
     86      |     426     |    1.25     | 7.5573e-01  | 1.2815e+00  |      1      |  1.00e+00   |    0.00     
     87      |     430     |    1.26     | 7.4408e-01  | 2.4301e+00  |      1      |  1.00e+00   |    0.00     
     88      |     434     |    1.28     | 7.3100e-01  | 1.0967e+00  |      1      |  1.00e+00   |    0.00     
     89      |     440     |    1.29     | 7.2368e-01  | 1.0950e+00  |      2      |  2.00e+00   |    0.00     
     90      |     446     |    1.31     | 7.1346e-01  | 8.3676e-01  |      2      |  2.00e+00   |    0.00     
     91      |     450     |    1.32     | 7.0172e-01  | 9.0328e-01  |      1      |  1.00e+00   |    0.00     
     92      |     456     |    1.34     | 6.8661e-01  | 1.4479e+00  |      2      |  2.00e+00   |    0.00     
     93      |     460     |    1.35     | 6.7311e-01  | 1.2472e+00  |      1      |  1.00e+00   |    0.00     
     94      |     464     |    1.37     | 6.6013e-01  | 9.2370e-01  |      1      |  1.00e+00   |    0.00     
     95      |     468     |    1.38     | 6.4776e-01  | 7.8438e-01  |      1      |  1.00e+00   |    0.00     
     96      |     472     |    1.40     | 6.3071e-01  | 1.2753e+00  |      1      |  1.00e+00   |    0.00     
     97      |     476     |    1.41     | 6.1844e-01  | 1.1785e+00  |      1      |  1.00e+00   |    0.00     
     98      |     480     |    1.42     | 6.0735e-01  | 7.6523e-01  |      1      |  1.00e+00   |    0.00     
     99      |     484     |    1.44     | 5.9514e-01  | 1.1586e+00  |      1      |  1.00e+00   |    0.00     
     100     |     490     |    1.45     | 5.8017e-01  | 1.2445e+00  |      2      |  2.00e+00   |    0.00     
     101     |     494     |    1.47     | 5.6617e-01  | 1.0783e+00  |      1      |  1.00e+00   |    0.00     
     102     |     498     |    1.48     | 5.5197e-01  | 9.2895e-01  |      1      |  1.00e+00   |    0.00     
     103     |     502     |    1.50     | 5.4854e-01  | 8.8980e-01  |      1      |  1.00e+00   |    0.00     
     104     |     508     |    1.51     | 5.4379e-01  | 4.8565e-01  |      2      |  2.00e+00   |    0.00     
     105     |     514     |    1.53     | 5.3538e-01  | 1.0669e+00  |      2      |  2.00e+00   |    0.00     
     106     |     520     |    1.55     | 5.2567e-01  | 9.5327e-01  |      2      |  2.00e+00   |    0.00     
     107     |     526     |    1.57     | 5.1541e-01  | 9.0908e-01  |      2      |  2.00e+00   |    0.00     
     108     |     532     |    1.58     | 5.0291e-01  | 7.6120e-01  |      2      |  2.00e+00   |    0.00     
     109     |     536     |    1.60     | 4.9394e-01  | 1.2121e+00  |      1      |  1.00e+00   |    0.00     
     110     |     542     |    1.61     | 4.8020e-01  | 9.2172e-01  |      2      |  2.00e+00   |    0.00     
     111     |     546     |    1.63     | 4.6662e-01  | 8.7375e-01  |      1      |  1.00e+00   |    0.00     
     112     |     550     |    1.64     | 4.5153e-01  | 1.3537e+00  |      1      |  1.00e+00   |    0.00     
     113     |     554     |    1.66     | 4.3761e-01  | 8.6162e-01  |      1      |  1.00e+00   |    0.00     
     114     |     558     |    1.67     | 4.2736e-01  | 6.2775e-01  |      1      |  1.00e+00   |    0.00     
     115     |     562     |    1.68     | 4.2104e-01  | 7.7749e-01  |      1      |  1.00e+00   |    0.00     
     116     |     566     |    1.70     | 4.1613e-01  | 7.7526e-01  |      1      |  1.00e+00   |    0.00     
     117     |     572     |    1.71     | 4.0704e-01  | 7.8667e-01  |      2      |  2.00e+00   |    0.00     
     118     |     576     |    1.73     | 3.9850e-01  | 5.3586e-01  |      1      |  1.00e+00   |    0.00     
     119     |     580     |    1.74     | 3.9180e-01  | 5.8976e-01  |      1      |  1.00e+00   |    0.00     
     120     |     584     |    1.75     | 3.8613e-01  | 8.2780e-01  |      1      |  1.00e+00   |    0.00     
     121     |     590     |    1.77     | 3.7859e-01  | 5.4699e-01  |      2      |  2.00e+00   |    0.00     
     122     |     596     |    1.79     | 3.6969e-01  | 5.7500e-01  |      2      |  2.00e+00   |    0.00     
     123     |     600     |    1.80     | 3.6254e-01  | 1.0262e+00  |      1      |  1.00e+00   |    0.00     
     124     |     604     |    1.82     | 3.5618e-01  | 5.0161e-01  |      1      |  1.00e+00   |    0.00     
     125     |     610     |    1.83     | 3.5146e-01  | 5.3349e-01  |      2      |  2.00e+00   |    0.00     
     126     |     616     |    1.85     | 3.4484e-01  | 5.7431e-01  |      2      |  2.00e+00   |    0.00     
     127     |     620     |    1.86     | 3.3626e-01  | 1.1618e+00  |      1      |  1.00e+00   |    0.00     
     128     |     626     |    1.88     | 3.1971e-01  | 7.9556e-01  |      2      |  2.00e+00   |    0.00     
     129     |     630     |    1.90     | 3.0945e-01  | 6.3617e-01  |      1      |  1.00e+00   |    0.00     
     130     |     634     |    1.91     | 3.0166e-01  | 8.3627e-01  |      1      |  1.00e+00   |    0.00     
     131     |     638     |    1.92     | 2.9863e-01  | 6.6011e-01  |      1      |  1.00e+00   |    0.00     
     132     |     642     |    1.94     | 2.9615e-01  | 3.9393e-01  |      1      |  1.00e+00   |    0.00     
     133     |     646     |    1.95     | 2.9331e-01  | 3.0139e-01  |      1      |  1.00e+00   |    0.00     
     134     |     652     |    1.97     | 2.8906e-01  | 5.9102e-01  |      2      |  2.00e+00   |    0.00     
     135     |     658     |    1.99     | 2.8110e-01  | 4.3444e-01  |      2      |  2.00e+00   |    0.00     
     136     |     662     |    2.00     | 2.7077e-01  | 5.2435e-01  |      1      |  1.00e+00   |    0.00     
     137     |     666     |    2.01     | 2.6468e-01  | 6.5786e-01  |      1      |  1.00e+00   |    0.00     
     138     |     670     |    2.03     | 2.5981e-01  | 5.1199e-01  |      1      |  1.00e+00   |    0.00     
     139     |     674     |    2.04     | 2.5476e-01  | 3.6073e-01  |      1      |  1.00e+00   |    0.00     
     140     |     678     |    2.05     | 2.5228e-01  | 3.4805e-01  |      1      |  1.00e+00   |    0.00     
     141     |     684     |    2.07     | 2.4736e-01  | 4.5991e-01  |      2      |  2.00e+00   |    0.00     
     142     |     688     |    2.08     | 2.4379e-01  | 4.9142e-01  |      1      |  1.00e+00   |    0.00     
     143     |     692     |    2.10     | 2.3896e-01  | 2.9594e-01  |      1      |  1.00e+00   |    0.00     
     144     |     696     |    2.11     | 2.3563e-01  | 3.3849e-01  |      1      |  1.00e+00   |    0.00     
     145     |     700     |    2.13     | 2.3249e-01  | 4.4073e-01  |      1      |  1.00e+00   |    0.00     
     146     |     706     |    2.14     | 2.2729e-01  | 3.6323e-01  |      2      |  2.00e+00   |    0.00     
     147     |     710     |    2.16     | 2.2306e-01  | 3.3805e-01  |      1      |  1.00e+00   |    0.00     
     148     |     714     |    2.17     | 2.1836e-01  | 4.3662e-01  |      1      |  1.00e+00   |    0.00     
     149     |     718     |    2.18     | 2.1396e-01  | 5.2859e-01  |      1      |  1.00e+00   |    0.00     
     150     |     722     |    2.20     | 2.0975e-01  | 3.2966e-01  |      1      |  1.00e+00   |    0.00     
     151     |     726     |    2.21     | 2.0514e-01  | 3.0595e-01  |      1      |  1.00e+00   |    0.00     
     152     |     730     |    2.23     | 1.9948e-01  | 3.7394e-01  |      1      |  1.00e+00   |    0.00     
     153     |     740     |    2.25     | 1.9598e-01  | 5.7973e-01  |      2      |  5.23e-01   |    0.00     
     154     |     744     |    2.27     | 1.9114e-01  | 3.5777e-01  |      1      |  1.00e+00   |    0.00     
     155     |     748     |    2.28     | 1.8621e-01  | 2.6265e-01  |      1      |  1.00e+00   |    0.00     
     156     |     752     |    2.29     | 1.8164e-01  | 3.4523e-01  |      1      |  1.00e+00   |    0.00     
     157     |     756     |    2.31     | 1.7852e-01  | 6.3994e-01  |      1      |  1.00e+00   |    0.00     
     158     |     762     |    2.32     | 1.7314e-01  | 2.6478e-01  |      2      |  2.00e+00   |    0.00     
     159     |     766     |    2.34     | 1.7044e-01  | 2.7491e-01  |      1      |  1.00e+00   |    0.00     
     160     |     770     |    2.35     | 1.6628e-01  | 3.2709e-01  |      1      |  1.00e+00   |    0.00     
     161     |     774     |    2.37     | 1.6309e-01  | 6.4470e-01  |      1      |  1.00e+00   |    0.00     
     162     |     778     |    2.38     | 1.5864e-01  | 2.5235e-01  |      1      |  1.00e+00   |    0.00     
     163     |     782     |    2.39     | 1.5593e-01  | 2.1544e-01  |      1      |  1.00e+00   |    0.00     
     164     |     786     |    2.41     | 1.5328e-01  | 2.7277e-01  |      1      |  1.00e+00   |    0.00     
     165     |     790     |    2.42     | 1.4984e-01  | 3.7168e-01  |      1      |  1.00e+00   |    0.00     
     166     |     794     |    2.43     | 1.4741e-01  | 7.9474e-01  |      1      |  1.00e+00   |    0.00     
     167     |     798     |    2.45     | 1.4284e-01  | 2.6585e-01  |      1      |  1.00e+00   |    0.00     
     168     |     802     |    2.46     | 1.4044e-01  | 2.7086e-01  |      1      |  1.00e+00   |    0.00     
     169     |     808     |    2.48     | 1.3631e-01  | 4.1630e-01  |      2      |  2.00e+00   |    0.00     
     170     |     812     |    2.49     | 1.3331e-01  | 4.5864e-01  |      1      |  1.00e+00   |    0.00     
     171     |     816     |    2.51     | 1.2942e-01  | 2.6062e-01  |      1      |  1.00e+00   |    0.00     
     172     |     820     |    2.52     | 1.2588e-01  | 2.9594e-01  |      1      |  1.00e+00   |    0.00     
     173     |     824     |    2.53     | 1.2361e-01  | 3.7015e-01  |      1      |  1.00e+00   |    0.00     
     174     |     828     |    2.55     | 1.1921e-01  | 3.2385e-01  |      1      |  1.00e+00   |    0.00     
     175     |     832     |    2.56     | 1.1488e-01  | 3.4053e-01  |      1      |  1.00e+00   |    0.00     
     176     |     836     |    2.57     | 1.1114e-01  | 3.2156e-01  |      1      |  1.00e+00   |    0.00     
     177     |     840     |    2.59     | 1.0829e-01  | 2.5301e-01  |      1      |  1.00e+00   |    0.00     
     178     |     844     |    2.60     | 1.0571e-01  | 2.3108e-01  |      1      |  1.00e+00   |    0.00     
     179     |     848     |    2.62     | 1.0328e-01  | 2.8234e-01  |      1      |  1.00e+00   |    0.00     
     180     |     852     |    2.63     | 1.0057e-01  | 2.0866e-01  |      1      |  1.00e+00   |    0.00     
     181     |     856     |    2.64     | 9.7960e-02  | 2.3336e-01  |      1      |  1.00e+00   |    0.00     
     182     |     860     |    2.66     | 9.5539e-02  | 2.8568e-01  |      1      |  1.00e+00   |    0.00     
     183     |     866     |    2.67     | 9.1635e-02  | 2.5366e-01  |      2      |  2.00e+00   |    0.00     
     184     |     870     |    2.69     | 8.8358e-02  | 2.0910e-01  |      1      |  1.00e+00   |    0.00     
     185     |     874     |    2.70     | 8.5762e-02  | 2.6073e-01  |      1      |  1.00e+00   |    0.00     
     186     |     878     |    2.71     | 8.3471e-02  | 1.6371e-01  |      1      |  1.00e+00   |    0.00     
     187     |     884     |    2.73     | 8.0744e-02  | 2.3186e-01  |      2      |  2.00e+00   |    0.00     
     188     |     890     |    2.75     | 7.7735e-02  | 2.4038e-01  |      2      |  2.00e+00   |    0.00     
     189     |     894     |    2.76     | 7.5243e-02  | 2.2962e-01  |      1      |  1.00e+00   |    0.00     
     190     |     898     |    2.78     | 7.3909e-02  | 1.8786e-01  |      1      |  1.00e+00   |    0.00     
     191     |     904     |    2.79     | 7.1464e-02  | 2.0208e-01  |      2      |  2.00e+00   |    0.00     
     192     |     908     |    2.81     | 6.9554e-02  | 2.0703e-01  |      1      |  1.00e+00   |    0.00     
     193     |     912     |    2.82     | 6.8350e-02  | 1.5134e-01  |      1      |  1.00e+00   |    0.00     
     194     |     916     |    2.84     | 6.7420e-02  | 1.2951e-01  |      1      |  1.00e+00   |    0.00     
     195     |     922     |    2.85     | 6.5388e-02  | 2.2410e-01  |      2      |  2.00e+00   |    0.00     
     196     |     928     |    2.87     | 6.2276e-02  | 2.5382e-01  |      2      |  2.00e+00   |    0.00     
     197     |     932     |    2.88     | 5.9695e-02  | 1.5728e-01  |      1      |  1.00e+00   |    0.00     
     198     |     936     |    2.90     | 5.7816e-02  | 1.5653e-01  |      1      |  1.00e+00   |    0.00     
     199     |     940     |    2.91     | 5.5632e-02  | 1.5864e-01  |      1      |  1.00e+00   |    0.00     
     200     |     944     |    2.92     | 5.3945e-02  | 3.1508e-01  |      1      |  1.00e+00   |    0.00     
     201     |     948     |    2.94     | 5.1452e-02  | 1.6016e-01  |      1      |  1.00e+00   |    0.00     
     202     |     954     |    2.96     | 4.9866e-02  | 1.6576e-01  |      2      |  2.00e+00   |    0.00     
     203     |     960     |    2.97     | 4.8072e-02  | 1.3813e-01  |      2      |  2.00e+00   |    0.00     
     204     |     964     |    2.99     | 4.6235e-02  | 1.1624e-01  |      1      |  1.00e+00   |    0.00     
     205     |     968     |    3.00     | 4.4718e-02  | 1.9389e-01  |      1      |  1.00e+00   |    0.00     
     206     |     972     |    3.01     | 4.3408e-02  | 1.4542e-01  |      1      |  1.00e+00   |    0.00     
     207     |     978     |    3.03     | 4.1793e-02  | 1.2937e-01  |      2      |  2.00e+00   |    0.00     
     208     |     982     |    3.05     | 3.9295e-02  | 1.3235e-01  |      1      |  1.00e+00   |    0.00     
     209     |     986     |    3.06     | 3.6748e-02  | 1.4263e-01  |      1      |  1.00e+00   |    0.00     
     210     |     990     |    3.07     | 3.4450e-02  | 1.1926e-01  |      1      |  1.00e+00   |    0.00     
     211     |     994     |    3.09     | 3.2733e-02  | 9.4009e-02  |      1      |  1.00e+00   |    0.00     
     212     |     998     |    3.10     | 3.1377e-02  | 9.5705e-02  |      1      |  1.00e+00   |    0.00     
     213     |    1002     |    3.11     | 3.0372e-02  | 1.4204e-01  |      1      |  1.00e+00   |    0.00     
     214     |    1006     |    3.13     | 2.9470e-02  | 1.0796e-01  |      1      |  1.00e+00   |    0.00     
     215     |    1012     |    3.15     | 2.8342e-02  | 1.0090e-01  |      2      |  2.00e+00   |    0.00     
     216     |    1016     |    3.16     | 2.7517e-02  | 8.5521e-02  |      1      |  1.00e+00   |    0.00     
     217     |    1020     |    3.17     | 2.6533e-02  | 7.0408e-02  |      1      |  1.00e+00   |    0.00     
     218     |    1024     |    3.19     | 2.5183e-02  | 8.8464e-02  |      1      |  1.00e+00   |    0.00     
     219     |    1034     |    3.21     | 2.4333e-02  | 1.0287e-01  |      2      |  6.41e-01   |    0.00     
     220     |    1038     |    3.23     | 2.3354e-02  | 6.6376e-02  |      1      |  1.00e+00   |    0.00     
     221     |    1042     |    3.24     | 2.2443e-02  | 6.1493e-02  |      1      |  1.00e+00   |    0.00     
     222     |    1046     |    3.25     | 2.1508e-02  | 1.0392e-01  |      1      |  1.00e+00   |    0.00     
     223     |    1050     |    3.27     | 2.0447e-02  | 7.9821e-02  |      1      |  1.00e+00   |    0.00     
     224     |    1054     |    3.28     | 1.9593e-02  | 7.7491e-02  |      1      |  1.00e+00   |    0.00     
     225     |    1058     |    3.30     | 1.8888e-02  | 6.1701e-02  |      1      |  1.00e+00   |    0.00     
     226     |    1062     |    3.31     | 1.8356e-02  | 5.0834e-02  |      1      |  1.00e+00   |    0.00     
     227     |    1066     |    3.32     | 1.7815e-02  | 6.9101e-02  |      1      |  1.00e+00   |    0.00     
     228     |    1070     |    3.34     | 1.7165e-02  | 6.0512e-02  |      1      |  1.00e+00   |    0.00     
     229     |    1074     |    3.35     | 1.6517e-02  | 5.2941e-02  |      1      |  1.00e+00   |    0.00     
     230     |    1078     |    3.36     | 1.5740e-02  | 5.7641e-02  |      1      |  1.00e+00   |    0.00     
     231     |    1082     |    3.38     | 1.5225e-02  | 7.1670e-02  |      1      |  1.00e+00   |    0.00     
     232     |    1088     |    3.39     | 1.4709e-02  | 4.8644e-02  |      2      |  2.00e+00   |    0.00     
     233     |    1094     |    3.41     | 1.4265e-02  | 5.2644e-02  |      2      |  2.00e+00   |    0.00     
     234     |    1098     |    3.43     | 1.3804e-02  | 4.5820e-02  |      1      |  1.00e+00   |    0.00     
     235     |    1102     |    3.44     | 1.3149e-02  | 4.7960e-02  |      1      |  1.00e+00   |    0.00     
     236     |    1112     |    3.47     | 1.2772e-02  | 7.2833e-02  |      2      |  5.84e-01   |    0.00     
     237     |    1116     |    3.48     | 1.2269e-02  | 4.5910e-02  |      1      |  1.00e+00   |    0.00     
     238     |    1122     |    3.50     | 1.1601e-02  | 5.7498e-02  |      2      |  2.00e+00   |    0.00     
     239     |    1128     |    3.51     | 1.0822e-02  | 6.3633e-02  |      2      |  2.00e+00   |    0.00     
     240     |    1132     |    3.53     | 1.0094e-02  | 5.5544e-02  |      1      |  1.00e+00   |    0.00     
     241     |    1138     |    3.54     | 9.5188e-03  | 5.5019e-02  |      2      |  2.00e+00   |    0.00     
     242     |    1142     |    3.56     | 9.1296e-03  | 4.3864e-02  |      1      |  1.00e+00   |    0.00     
     243     |    1146     |    3.57     | 8.7251e-03  | 3.2382e-02  |      1      |  1.00e+00   |    0.00     
     244     |    1150     |    3.59     | 8.3470e-03  | 4.0453e-02  |      1      |  1.00e+00   |    0.00     
     245     |    1154     |    3.60     | 8.0290e-03  | 3.4803e-02  |      1      |  1.00e+00   |    0.00     
     246     |    1158     |    3.61     | 7.7294e-03  | 5.2868e-02  |      1      |  1.00e+00   |    0.00     
     247     |    1162     |    3.63     | 7.4123e-03  | 3.3859e-02  |      1      |  1.00e+00   |    0.00     
     248     |    1166     |    3.64     | 7.1586e-03  | 2.6062e-02  |      1      |  1.00e+00   |    0.00     
     249     |    1170     |    3.65     | 6.8633e-03  | 2.9282e-02  |      1      |  1.00e+00   |    0.00     
     250     |    1174     |    3.67     | 6.5388e-03  | 2.5185e-02  |      1      |  1.00e+00   |    0.00     
     251     |    1178     |    3.68     | 6.2626e-03  | 3.3361e-02  |      1      |  1.00e+00   |    0.00     
     252     |    1182     |    3.70     | 6.0088e-03  | 2.2478e-02  |      1      |  1.00e+00   |    0.00     
     253     |    1186     |    3.71     | 5.7428e-03  | 2.1203e-02  |      1      |  1.00e+00   |    0.00     
     254     |    1190     |    3.72     | 5.4214e-03  | 3.7802e-02  |      1      |  1.00e+00   |    0.00     
     255     |    1194     |    3.74     | 5.1117e-03  | 2.0197e-02  |      1      |  1.00e+00   |    0.00     
     256     |    1198     |    3.75     | 4.9050e-03  | 1.9917e-02  |      1      |  1.00e+00   |    0.00     
     257     |    1202     |    3.76     | 4.4897e-03  | 3.0131e-02  |      1      |  1.00e+00   |    0.00     
     258     |    1206     |    3.78     | 4.1030e-03  | 4.4911e-02  |      1      |  1.00e+00   |    0.00     
     259     |    1210     |    3.79     | 3.8084e-03  | 2.4294e-02  |      1      |  1.00e+00   |    0.00     
     260     |    1216     |    3.81     | 3.5927e-03  | 1.7766e-02  |      2      |  2.00e+00   |    0.00     
     261     |    1220     |    3.82     | 3.3604e-03  | 1.7915e-02  |      1      |  1.00e+00   |    0.00     
     262     |    1224     |    3.84     | 3.0668e-03  | 3.7271e-02  |      1      |  1.00e+00   |    0.00     
     263     |    1228     |    3.85     | 2.8009e-03  | 2.5682e-02  |      1      |  1.00e+00   |    0.00     
     264     |    1232     |    3.86     | 2.6573e-03  | 1.5161e-02  |      1      |  1.00e+00   |    0.00     
     265     |    1236     |    3.88     | 2.4661e-03  | 1.6085e-02  |      1      |  1.00e+00   |    0.00     
     266     |    1242     |    3.89     | 2.1553e-03  | 2.6472e-02  |      2      |  2.00e+00   |    0.00     
     267     |    1246     |    3.91     | 1.8377e-03  | 2.5573e-02  |      1      |  1.00e+00   |    0.00     
     268     |    1250     |    3.92     | 1.4880e-03  | 2.2770e-02  |      1      |  1.00e+00   |    0.00     
     269     |    1254     |    3.94     | 1.3011e-03  | 2.4365e-02  |      1      |  1.00e+00   |    0.00     
     270     |    1258     |    3.95     | 1.1908e-03  | 1.2466e-02  |      1      |  1.00e+00   |    0.00     
     271     |    1262     |    3.96     | 1.0817e-03  | 1.1303e-02  |      1      |  1.00e+00   |    0.00     
     272     |    1266     |    3.98     | 9.5726e-04  | 1.2000e-02  |      1      |  1.00e+00   |    0.00     
     273     |    1270     |    3.99     | 8.5012e-04  | 1.7166e-02  |      1      |  1.00e+00   |    0.00     
     274     |    1274     |    4.00     | 7.5427e-04  | 1.2332e-02  |      1      |  1.00e+00   |    0.00     
     275     |    1280     |    4.02     | 6.6704e-04  | 6.2031e-03  |      2      |  2.00e+00   |    0.00     
     276     |    1286     |    4.04     | 5.9155e-04  | 7.1308e-03  |      2      |  2.00e+00   |    0.00     
     277     |    1292     |    4.06     | 5.1828e-04  | 6.4974e-03  |      2      |  2.00e+00   |    0.00     
     278     |    1296     |    4.07     | 4.6580e-04  | 6.6400e-03  |      1      |  1.00e+00   |    0.00     
     279     |    1300     |    4.08     | 4.3215e-04  | 3.2135e-03  |      1      |  1.00e+00   |    0.00     
     280     |    1304     |    4.10     | 4.1005e-04  | 3.3832e-03  |      1      |  1.00e+00   |    0.00     
     281     |    1308     |    4.11     | 3.8350e-04  | 3.9863e-03  |      1      |  1.00e+00   |    0.00     
     282     |    1312     |    4.12     | 3.5450e-04  | 5.8303e-03  |      1      |  1.00e+00   |    0.00     
     283     |    1318     |    4.14     | 3.1058e-04  | 2.8368e-03  |      2      |  2.00e+00   |    0.00     
     284     |    1324     |    4.16     | 2.6701e-04  | 3.4733e-03  |      2      |  2.00e+00   |    0.00     
     285     |    1328     |    4.17     | 2.3936e-04  | 3.4933e-03  |      1      |  1.00e+00   |    0.00     
     286     |    1332     |    4.19     | 2.1991e-04  | 1.9283e-03  |      1      |  1.00e+00   |    0.00     
     287     |    1338     |    4.20     | 1.9744e-04  | 2.2871e-03  |      2      |  2.00e+00   |    0.00     
     288     |    1344     |    4.22     | 1.7298e-04  | 2.5679e-03  |      2      |  2.00e+00   |    0.00     
     289     |    1348     |    4.23     | 1.6116e-04  | 3.9550e-03  |      1      |  1.00e+00   |    0.00     
     290     |    1352     |    4.25     | 1.5194e-04  | 1.6683e-03  |      1      |  1.00e+00   |    0.00     
     291     |    1356     |    4.26     | 1.4592e-04  | 1.1851e-03  |      1      |  1.00e+00   |    0.00     
     292     |    1362     |    4.28     | 1.3731e-04  | 1.9644e-03  |      2      |  2.00e+00   |    0.00     
     293     |    1368     |    4.30     | 1.2696e-04  | 1.0868e-03  |      2      |  2.00e+00   |    0.00     
     294     |    1374     |    4.31     | 1.1763e-04  | 1.7689e-03  |      2      |  2.00e+00   |    0.00     
     295     |    1380     |    4.33     | 1.0941e-04  | 1.7509e-03  |      2      |  2.00e+00   |    0.00     
     296     |    1384     |    4.35     | 9.7789e-05  | 1.0213e-03  |      1      |  1.00e+00   |    0.00     
     297     |    1388     |    4.36     | 8.9159e-05  | 8.7022e-04  |      1      |  1.00e+00   |    0.00     
     298     |    1392     |    4.37     | 8.3265e-05  | 8.3083e-04  |      1      |  1.00e+00   |    0.00     
     299     |    1396     |    4.39     | 7.7266e-05  | 7.9897e-04  |      1      |  1.00e+00   |    0.00     
     300     |    1400     |    4.40     | 7.2522e-05  | 6.0503e-04  |      1      |  1.00e+00   |    0.00     
     301     |    1404     |    4.41     | 6.7744e-05  | 4.6547e-04  |      1      |  1.00e+00   |    0.00     
     302     |    1408     |    4.43     | 6.3104e-05  | 5.0690e-04  |      1      |  1.00e+00   |    0.00     
     303     |    1412     |    4.44     | 5.9111e-05  | 8.4890e-04  |      1      |  1.00e+00   |    0.00     
     304     |    1418     |    4.46     | 5.3131e-05  | 6.8440e-04  |      2      |  2.00e+00   |    0.00     
     305     |    1422     |    4.47     | 5.0716e-05  | 3.4992e-04  |      1      |  1.00e+00   |    0.00     
     306     |    1428     |    4.49     | 4.8489e-05  | 4.6414e-04  |      2      |  2.00e+00   |    0.00     
     307     |    1432     |    4.50     | 4.3827e-05  | 3.7288e-04  |      1      |  1.00e+00   |    0.00     
     308     |    1438     |    4.52     | 3.6864e-05  | 4.1370e-04  |      2      |  2.00e+00   |    0.00     
     309     |    1442     |    4.53     | 3.2473e-05  | 4.4764e-04  |      1      |  1.00e+00   |    0.00     
     310     |    1446     |    4.55     | 3.0215e-05  | 5.0504e-04  |      1      |  1.00e+00   |    0.00     
     311     |    1452     |    4.57     | 2.8786e-05  | 4.1670e-04  |      2      |  2.00e+00   |    0.00     
     312     |    1456     |    4.58     | 2.7365e-05  | 4.8220e-04  |      1      |  1.00e+00   |    0.00     
     313     |    1460     |    4.59     | 2.6037e-05  | 2.1082e-04  |      1      |  1.00e+00   |    0.00     
     314     |    1466     |    4.61     | 2.4628e-05  | 3.3127e-04  |      2      |  2.00e+00   |    0.00     
     315     |    1472     |    4.63     | 2.2288e-05  | 2.5094e-04  |      2      |  2.00e+00   |    0.00     
     316     |    1476     |    4.64     | 1.9731e-05  | 4.8514e-04  |      1      |  1.00e+00   |    0.00     
     317     |    1480     |    4.66     | 1.7687e-05  | 2.1285e-04  |      1      |  1.00e+00   |    0.00     
     318     |    1484     |    4.67     | 1.6242e-05  | 2.3863e-04  |      1      |  1.00e+00   |    0.00     
     319     |    1488     |    4.68     | 1.5136e-05  | 2.8073e-04  |      1      |  1.00e+00   |    0.00     
     320     |    1492     |    4.70     | 1.3788e-05  | 2.1879e-04  |      1      |  1.00e+00   |    0.00     
     321     |    1496     |    4.71     | 1.2293e-05  | 2.0942e-04  |      1      |  1.00e+00   |    0.00     
     322     |    1500     |    4.72     | 1.1131e-05  | 1.3414e-04  |      1      |  1.00e+00   |    0.00     
     323     |    1506     |    4.74     | 1.0053e-05  | 1.4607e-04  |      2      |  2.00e+00   |    0.00     
     324     |    1512     |    4.76     | 8.7477e-06  | 1.9149e-04  |      2      |  2.00e+00   |    0.00     
     325     |    1516     |    4.77     | 7.7417e-06  | 1.2850e-04  |      1      |  1.00e+00   |    0.00     
     326     |    1520     |    4.79     | 6.7417e-06  | 1.3052e-04  |      1      |  1.00e+00   |    0.00     
     327     |    1524     |    4.80     | 5.7874e-06  | 7.6135e-05  |      1      |  1.00e+00   |    0.00     
     328     |    1530     |    4.82     | 4.9831e-06  | 7.5211e-05  |      2      |  2.00e+00   |    0.00     
     329     |    1536     |    4.83     | 3.9471e-06  | 7.3680e-05  |      2      |  2.00e+00   |    0.00     
     330     |    1540     |    4.85     | 3.1395e-06  | 4.9641e-05  |      1      |  1.00e+00   |    0.00     
     331     |    1544     |    4.86     | 2.4880e-06  | 5.8787e-05  |      1      |  1.00e+00   |    0.00     
     332     |    1554     |    4.89     | 2.1533e-06  | 3.8070e-05  |      2      |  4.89e-01   |    0.00     
     333     |    1558     |    4.90     | 1.9266e-06  | 3.7152e-05  |      1      |  1.00e+00   |    0.00     
     334     |    1562     |    4.92     | 1.7039e-06  | 2.3341e-05  |      1      |  1.00e+00   |    0.00     
     335     |    1566     |    4.93     | 1.4949e-06  | 1.7702e-05  |      1      |  1.00e+00   |    0.00     
     336     |    1570     |    4.94     | 1.2616e-06  | 1.4738e-05  |      1      |  1.00e+00   |    0.00     
     337     |    1580     |    4.97     | 1.0916e-06  | 2.6431e-05  |      2      |  6.72e-01   |    0.00     
     338     |    1584     |    4.98     | 9.7318e-07  | 1.4129e-05  |      1      |  1.00e+00   |    0.00     
     339     |    1590     |    5.00     | 8.7040e-07  | 1.9216e-05  |      2      |  2.00e+00   |    0.00     
     340     |    1594     |    5.02     | 8.0271e-07  | 2.5503e-05  |      1      |  1.00e+00   |    0.00     
     341     |    1600     |    5.03     | 6.2324e-07  | 1.1992e-05  |      2      |  2.00e+00   |    0.00     
     342     |    1604     |    5.05     | 5.4629e-07  | 7.8244e-06  |      1      |  1.00e+00   |    0.00     
     343     |    1608     |    5.06     | 4.7749e-07  | 7.2534e-06  |      1      |  1.00e+00   |    0.00     
     344     |    1612     |    5.07     | 4.1879e-07  | 1.5792e-05  |      1      |  1.00e+00   |    0.00     
     345     |    1616     |    5.09     | 3.5278e-07  | 7.8342e-06  |      1      |  1.00e+00   |    0.00     
     346     |    1622     |    5.10     | 2.7190e-07  | 6.3543e-06  |      2      |  2.00e+00   |    0.00     
     347     |    1628     |    5.12     | 2.0235e-07  | 3.1267e-06  |      2      |  2.00e+00   |    0.00     
     348     |    1634     |    5.14     | 1.4594e-07  | 2.7302e-06  |      2      |  2.00e+00   |    0.00     
     349     |    1638     |    5.15     | 1.2045e-07  | 2.4056e-06  |      1      |  1.00e+00   |    0.00     
     350     |    1642     |    5.17     | 9.6781e-08  | 1.5593e-06  |      1      |  1.00e+00   |    0.00     
     351     |    1646     |    5.18     | 8.1384e-08  | 2.0260e-06  |      1      |  1.00e+00   |    0.00     
     352     |    1650     |    5.19     | 6.5828e-08  | 1.6495e-06  |      1      |  1.00e+00   |    0.00     
     353     |    1656     |    5.21     | 5.1891e-08  | 1.3536e-06  |      2      |  2.00e+00   |    0.00     
     354     |    1660     |    5.23     | 3.7728e-08  | 9.7496e-07  |      1      |  1.00e+00   |    0.00     

******************************************
               Running on cuda:0 
******************************************
Regulariser          :                 None
Dataset              :                  DTD
Data size            :        (3760, 67500)
Classes              :           (3760, 47)
No. Samples          :                 3760
Dimensions           :              3172500
x0                   :              uniform
Algorithm            :         linesearchGD
..................................................................................................
     ite     |    orcs     |    time     |      f      |   g_norm    |    alpha    |     acc     
..................................................................................................
      0      |      0      |    0.00     | 3.9615e+00  | 8.9763e+00  |  0.00e+00   |    0.00     
     100     |     435     |    0.48     | 3.5581e+00  | 1.1871e+00  |  2.50e-03   |    0.00     
     200     |     872     |    0.97     | 3.3735e+00  | 7.9920e-01  |  2.50e-03   |    0.00     
     300     |    1308     |    1.46     | 3.2125e+00  | 8.9014e-01  |  2.50e-03   |    0.00     
     400     |    1744     |    1.95     | 3.0728e+00  | 9.6285e-01  |  2.50e-03   |    0.00     
     500     |    2180     |    2.44     | 2.9480e+00  | 9.9439e-01  |  2.50e-03   |    0.00     
     600     |    2616     |    2.93     | 2.8342e+00  | 9.3435e-01  |  2.50e-03   |    0.00     
     700     |    3052     |    3.42     | 2.7289e+00  | 6.9457e-01  |  2.50e-03   |    0.00     
     800     |    3474     |    3.89     | 2.6219e+00  | 5.6924e-01  |  2.50e-03   |    0.00     
     900     |    3897     |    4.35     | 2.5219e+00  | 6.5573e-01  |  2.50e-03   |    0.00     
    1000     |    4324     |    4.82     | 2.4313e+00  | 5.2920e-01  |  2.50e-03   |    0.00     
    1100     |    4750     |    5.30     | 2.3509e+00  | 1.0150e+00  |  5.00e-03   |    0.00     
    1200     |    5173     |    5.76     | 2.2738e+00  | 5.2876e-01  |  2.50e-03   |    0.00     
    1300     |    5589     |    6.22     | 2.1982e+00  | 6.5706e-01  |  1.00e-02   |    0.00     
    1400     |    6006     |    6.67     | 2.1290e+00  | 9.2801e-01  |  5.00e-03   |    0.00     
    1500     |    6423     |    7.13     | 2.0629e+00  | 4.9592e-01  |  2.50e-03   |    0.00     
    1600     |    6839     |    7.58     | 2.0016e+00  | 6.2841e-01  |  1.00e-02   |    0.00     
    1700     |    7256     |    8.04     | 1.9449e+00  | 8.9303e-01  |  5.00e-03   |    0.00     
    1800     |    7673     |    8.49     | 1.8902e+00  | 4.6640e-01  |  2.50e-03   |    0.00     
    1900     |    8089     |    8.95     | 1.8392e+00  | 6.0367e-01  |  1.00e-02   |    0.00     
    2000     |    8506     |    9.40     | 1.7918e+00  | 8.4911e-01  |  5.00e-03   |    0.00     
    2100     |    8923     |    9.86     | 1.7456e+00  | 4.3786e-01  |  2.50e-03   |    0.00     
    2200     |    9339     |    10.31    | 1.7024e+00  | 5.7880e-01  |  1.00e-02   |    0.00     
    2300     |    9756     |    10.77    | 1.6620e+00  | 7.9635e-01  |  5.00e-03   |    0.00     
    2400     |    10173    |    11.23    | 1.6225e+00  | 4.0898e-01  |  2.50e-03   |    0.00     
    2500     |    10589    |    11.68    | 1.5854e+00  | 5.5142e-01  |  1.00e-02   |    0.00     
    2600     |    11006    |    12.14    | 1.5504e+00  | 7.3431e-01  |  5.00e-03   |    0.00     
    2700     |    11423    |    12.59    | 1.5162e+00  | 3.7865e-01  |  2.50e-03   |    0.00     
    2800     |    11839    |    13.05    | 1.4838e+00  | 5.1909e-01  |  1.00e-02   |    0.00     
    2900     |    12256    |    13.51    | 1.4533e+00  | 6.6129e-01  |  5.00e-03   |    0.00     
    3000     |    12673    |    13.96    | 1.4233e+00  | 3.4564e-01  |  2.50e-03   |    0.00     
    3100     |    13089    |    14.42    | 1.3948e+00  | 4.7838e-01  |  1.00e-02   |    0.00     
    3200     |    13506    |    14.88    | 1.3678e+00  | 5.7367e-01  |  5.00e-03   |    0.00     
    3300     |    13923    |    15.33    | 1.3413e+00  | 3.0839e-01  |  2.50e-03   |    0.00     
    3400     |    14340    |    15.79    | 1.3162e+00  | 3.1805e-01  |  2.50e-03   |    0.00     
    3500     |    14757    |    16.25    | 1.2923e+00  | 4.5455e-01  |  1.00e-02   |    0.00     
    3600     |    15176    |    16.71    | 1.2695e+00  | 3.2294e-01  |  2.50e-03   |    0.00     
    3700     |    15594    |    17.17    | 1.2476e+00  | 4.6383e-01  |  5.00e-03   |    0.00     
    3800     |    16013    |    17.63    | 1.2265e+00  | 4.1994e-01  |  1.00e-02   |    0.00     
    3900     |    16433    |    18.09    | 1.2065e+00  | 5.2493e-01  |  5.00e-03   |    0.00     
    4000     |    16853    |    18.56    | 1.1870e+00  | 4.6294e-01  |  5.00e-03   |    0.00     
    4100     |    17273    |    19.02    | 1.1683e+00  | 4.9853e-01  |  5.00e-03   |    0.00     
    4200     |    17693    |    19.48    | 1.1498e+00  | 2.7361e-01  |  2.50e-03   |    0.00     
    4300     |    18111    |    19.94    | 1.1318e+00  | 4.2568e-01  |  5.00e-03   |    0.00     
    4400     |    18527    |    20.40    | 1.1137e+00  | 4.8191e-01  |  5.00e-03   |    0.00     
    4500     |    18940    |    20.84    | 1.0953e+00  | 4.2804e-01  |  5.00e-03   |    0.00     
    4600     |    19358    |    21.30    | 1.0785e+00  | 2.2406e-01  |  2.50e-03   |    0.00     
    4700     |    19778    |    21.77    | 1.0632e+00  | 3.9005e-01  |  5.00e-03   |    0.00     
    4800     |    20200    |    22.23    | 1.0483e+00  | 2.1459e-01  |  2.50e-03   |    0.00     
    4900     |    20618    |    22.69    | 1.0332e+00  | 2.2965e-01  |  2.50e-03   |    0.00     
    5000     |    21040    |    23.15    | 1.0195e+00  | 4.0859e-01  |  5.00e-03   |    0.00     
    5100     |    21462    |    23.62    | 1.0060e+00  | 3.6331e-01  |  5.00e-03   |    0.00     
    5200     |    21883    |    24.08    | 9.9247e-01  | 2.1710e-01  |  2.50e-03   |    0.00     
    5300     |    22302    |    24.54    | 9.7904e-01  | 2.2025e-01  |  2.50e-03   |    0.00     
    5400     |    22720    |    25.00    | 9.6576e-01  | 1.9907e-01  |  2.50e-03   |    0.00     
    5500     |    23136    |    25.46    | 9.5244e-01  | 2.0582e-01  |  2.50e-03   |    0.00     
    5600     |    23550    |    25.91    | 9.3922e-01  | 3.1355e-01  |  5.00e-03   |    0.00     
    5700     |    23963    |    26.36    | 9.2593e-01  | 1.9903e-01  |  2.50e-03   |    0.00     
    5800     |    24373    |    26.80    | 9.1258e-01  | 2.0061e-01  |  2.50e-03   |    0.00     
    5900     |    24782    |    27.24    | 8.9941e-01  | 1.8617e-01  |  2.50e-03   |    0.00     
    6000     |    25187    |    27.68    | 8.8594e-01  | 1.8956e-01  |  2.50e-03   |    0.00     
    6100     |    25588    |    28.10    | 8.7277e-01  | 2.6420e-01  |  1.00e-02   |    0.00     
    6200     |    25988    |    28.53    | 8.6063e-01  | 4.4230e-01  |  5.00e-03   |    0.00     
    6300     |    26388    |    28.95    | 8.4874e-01  | 4.1576e-01  |  5.00e-03   |    0.00     
    6400     |    26788    |    29.38    | 8.3717e-01  | 3.8892e-01  |  5.00e-03   |    0.00     
    6500     |    27191    |    29.81    | 8.2613e-01  | 2.7034e-01  |  5.00e-03   |    0.00     
    6600     |    27595    |    30.24    | 8.1521e-01  | 1.6165e-01  |  2.50e-03   |    0.00     
    6700     |    27996    |    30.67    | 8.0419e-01  | 1.7394e-01  |  2.50e-03   |    0.00     
    6800     |    28397    |    31.10    | 7.9335e-01  | 1.6013e-01  |  2.50e-03   |    0.00     
    6900     |    28797    |    31.52    | 7.8270e-01  | 1.5071e-01  |  2.50e-03   |    0.00     
    7000     |    29197    |    31.95    | 7.7233e-01  | 1.6052e-01  |  2.50e-03   |    0.00     
    7100     |    29596    |    32.37    | 7.6248e-01  | 3.8852e-01  |  5.00e-03   |    0.00     
    7200     |    29996    |    32.80    | 7.5257e-01  | 1.9949e-01  |  1.00e-02   |    0.00     
    7300     |    30397    |    33.22    | 7.4340e-01  | 1.4557e-01  |  2.50e-03   |    0.00     
    7400     |    30797    |    33.65    | 7.3418e-01  | 1.4273e-01  |  2.50e-03   |    0.00     
    7500     |    31196    |    34.07    | 7.2528e-01  | 3.7232e-01  |  5.00e-03   |    0.00     
    7600     |    31596    |    34.50    | 7.1656e-01  | 2.5575e-01  |  5.00e-03   |    0.00     
    7700     |    31996    |    34.92    | 7.0822e-01  | 2.4925e-01  |  5.00e-03   |    0.00     
    7800     |    32396    |    35.35    | 7.0024e-01  | 3.4526e-01  |  5.00e-03   |    0.00     
    7900     |    32797    |    35.78    | 6.9207e-01  | 1.4406e-01  |  2.50e-03   |    0.00     
    8000     |    33196    |    36.20    | 6.8430e-01  | 3.7514e-01  |  5.00e-03   |    0.00     
    8100     |    33596    |    36.62    | 6.7655e-01  | 2.7536e-01  |  5.00e-03   |    0.00     
    8200     |    33996    |    37.05    | 6.6901e-01  | 2.9015e-01  |  5.00e-03   |    0.00     
    8300     |    34396    |    37.48    | 6.6161e-01  | 2.6937e-01  |  5.00e-03   |    0.00     
    8400     |    34797    |    37.90    | 6.5441e-01  | 1.3862e-01  |  2.50e-03   |    0.00     
    8500     |    35197    |    38.33    | 6.4735e-01  | 1.3451e-01  |  2.50e-03   |    0.00     
    8600     |    35596    |    38.75    | 6.4046e-01  | 2.6565e-01  |  5.00e-03   |    0.00     
    8700     |    35996    |    39.18    | 6.3373e-01  | 2.4898e-01  |  5.00e-03   |    0.00     
    8800     |    36396    |    39.61    | 6.2717e-01  | 2.4227e-01  |  5.00e-03   |    0.00     
    8900     |    36796    |    40.03    | 6.2080e-01  | 2.7746e-01  |  5.00e-03   |    0.00     
    9000     |    37196    |    40.46    | 6.1456e-01  | 3.0478e-01  |  5.00e-03   |    0.00     
    9100     |    37597    |    40.88    | 6.0839e-01  | 1.2003e-01  |  2.50e-03   |    0.00     
    9200     |    37996    |    41.31    | 6.0250e-01  | 3.4398e-01  |  5.00e-03   |    0.00     
    9300     |    38396    |    41.73    | 5.9660e-01  | 2.8209e-01  |  5.00e-03   |    0.00     
    9400     |    38796    |    42.16    | 5.9086e-01  | 2.6527e-01  |  5.00e-03   |    0.00     
    9500     |    39197    |    42.59    | 5.8523e-01  | 1.1832e-01  |  2.50e-03   |    0.00     
    9600     |    39596    |    43.01    | 5.7971e-01  | 1.9914e-01  |  5.00e-03   |    0.00     
    9700     |    39996    |    43.44    | 5.7435e-01  | 2.2521e-01  |  5.00e-03   |    0.00     
    9800     |    40397    |    43.87    | 5.6907e-01  | 1.0564e-01  |  2.50e-03   |    0.00     
    9900     |    40796    |    44.29    | 5.6397e-01  | 2.8297e-01  |  5.00e-03   |    0.00     
    10000    |    41196    |    44.72    | 5.5892e-01  | 2.9483e-01  |  5.00e-03   |    0.00     
    10100    |    41596    |    45.14    | 5.5388e-01  | 1.6944e-01  |  5.00e-03   |    0.00     
    10200    |    41996    |    45.57    | 5.4901e-01  | 1.7165e-01  |  5.00e-03   |    0.00     
    10300    |    42396    |    46.00    | 5.4429e-01  | 2.3922e-01  |  5.00e-03   |    0.00     
    10400    |    42796    |    46.42    | 5.3957e-01  | 1.8344e-01  |  5.00e-03   |    0.00     
    10500    |    43196    |    46.85    | 5.3500e-01  | 2.2480e-01  |  5.00e-03   |    0.00     
    10600    |    43596    |    47.27    | 5.3046e-01  | 1.7162e-01  |  5.00e-03   |    0.00     
    10700    |    43996    |    47.70    | 5.2605e-01  | 1.9547e-01  |  5.00e-03   |    0.00     
    10800    |    44397    |    48.13    | 5.2170e-01  | 9.9433e-02  |  2.50e-03   |    0.00     
    10900    |    44796    |    48.55    | 5.1742e-01  | 1.7298e-01  |  5.00e-03   |    0.00     
    11000    |    45197    |    48.98    | 5.1323e-01  | 9.4896e-02  |  2.50e-03   |    0.00     
    11100    |    45597    |    49.41    | 5.0911e-01  | 9.6541e-02  |  2.50e-03   |    0.00     
    11200    |    45996    |    49.83    | 5.0515e-01  | 3.2512e-01  |  5.00e-03   |    0.00     
    11300    |    46396    |    50.26    | 5.0105e-01  | 1.4564e-01  |  5.00e-03   |    0.00     
    11400    |    46797    |    50.69    | 4.9715e-01  | 9.2211e-02  |  2.50e-03   |    0.00     
    11500    |    47196    |    51.11    | 4.9330e-01  | 1.7886e-01  |  5.00e-03   |    0.00     
    11600    |    47596    |    51.54    | 4.8951e-01  | 1.7097e-01  |  5.00e-03   |    0.00     
    11700    |    47996    |    51.97    | 4.8593e-01  | 3.6255e-01  |  5.00e-03   |    0.00     
    11800    |    48396    |    52.39    | 4.8210e-01  | 1.3292e-01  |  5.00e-03   |    0.00     
    11900    |    48796    |    52.82    | 4.7865e-01  | 3.5941e-01  |  5.00e-03   |    0.00     
    12000    |    49196    |    53.24    | 4.7491e-01  | 8.8380e-02  |  2.50e-03   |    0.00     
    12100    |    49595    |    53.67    | 4.7139e-01  | 1.2718e-01  |  5.00e-03   |    0.00     
    12200    |    49995    |    54.10    | 4.6808e-01  | 3.2253e-01  |  5.00e-03   |    0.00     
    12300    |    50392    |    54.52    | 4.6443e-01  | 1.2456e-01  |  5.00e-03   |    0.00     
    12400    |    50791    |    54.94    | 4.6116e-01  | 2.9469e-01  |  5.00e-03   |    0.00     
    12500    |    51187    |    55.36    | 4.5776e-01  | 3.6024e-01  |  5.00e-03   |    0.00     
    12600    |    51583    |    55.78    | 4.5427e-01  | 2.4765e-01  |  5.00e-03   |    0.00     
    12700    |    51981    |    56.20    | 4.5107e-01  | 3.2951e-01  |  5.00e-03   |    0.00     
    12800    |    52379    |    56.62    | 4.4779e-01  | 2.5591e-01  |  5.00e-03   |    0.00     
    12900    |    52779    |    57.05    | 4.4484e-01  | 4.0089e-01  |  5.00e-03   |    0.00     
    13000    |    53179    |    57.47    | 4.4174e-01  | 3.5140e-01  |  5.00e-03   |    0.00     
    13100    |    53579    |    57.90    | 4.3866e-01  | 2.5648e-01  |  5.00e-03   |    0.00     
    13200    |    53979    |    58.33    | 4.3564e-01  | 1.6094e-01  |  5.00e-03   |    0.00     
    13300    |    54378    |    58.75    | 4.3269e-01  | 1.8296e-01  |  5.00e-03   |    0.00     
    13400    |    54777    |    59.18    | 4.2975e-01  | 1.4247e-01  |  5.00e-03   |    0.00     
    13500    |    55175    |    59.60    | 4.2685e-01  | 1.7712e-01  |  5.00e-03   |    0.00     
    13600    |    55573    |    60.02    | 4.2396e-01  | 1.5758e-01  |  5.00e-03   |    0.00     
    13700    |    55971    |    60.45    | 4.2111e-01  | 1.0546e-01  |  5.00e-03   |    0.00     
    13800    |    56368    |    60.87    | 4.1827e-01  | 1.0953e-01  |  5.00e-03   |    0.00     
    13900    |    56764    |    61.29    | 4.1547e-01  | 1.6808e-01  |  5.00e-03   |    0.00     
    14000    |    57160    |    61.70    | 4.1269e-01  | 1.9015e-01  |  5.00e-03   |    0.00     
    14100    |    57556    |    62.12    | 4.0992e-01  | 1.4435e-01  |  5.00e-03   |    0.00     
    14200    |    57951    |    62.54    | 4.0719e-01  | 1.7811e-01  |  5.00e-03   |    0.00     
    14300    |    58346    |    62.96    | 4.0447e-01  | 1.5477e-01  |  5.00e-03   |    0.00     
    14400    |    58741    |    63.38    | 4.0177e-01  | 1.0068e-01  |  5.00e-03   |    0.00     
    14500    |    59134    |    63.79    | 3.9912e-01  | 2.0351e-01  |  1.00e-02   |    0.00     
    14600    |    59528    |    64.20    | 3.9645e-01  | 1.4069e-01  |  5.00e-03   |    0.00     
    14700    |    59921    |    64.62    | 3.9382e-01  | 1.3537e-01  |  5.00e-03   |    0.00     
    14800    |    60314    |    65.03    | 3.9121e-01  | 1.0504e-01  |  5.00e-03   |    0.00     
    14900    |    60706    |    65.44    | 3.8863e-01  | 1.1538e-01  |  5.00e-03   |    0.00     
    15000    |    61097    |    65.85    | 3.8608e-01  | 1.9233e-01  |  1.00e-02   |    0.00     
    15100    |    61489    |    66.27    | 3.8352e-01  | 1.1001e-01  |  5.00e-03   |    0.00     
    15200    |    61880    |    66.68    | 3.8100e-01  | 1.0214e-01  |  5.00e-03   |    0.00     
    15300    |    62270    |    67.08    | 3.7850e-01  | 1.1999e-01  |  5.00e-03   |    0.00     
    15400    |    62660    |    67.49    | 3.7602e-01  | 1.1036e-01  |  5.00e-03   |    0.00     
    15500    |    63049    |    67.90    | 3.7358e-01  | 1.9798e-01  |  1.00e-02   |    0.00     
    15600    |    63439    |    68.31    | 3.7112e-01  | 9.3756e-02  |  5.00e-03   |    0.00     
    15700    |    63827    |    68.71    | 3.6871e-01  | 1.4872e-01  |  5.00e-03   |    0.00     
    15800    |    64215    |    69.11    | 3.6631e-01  | 1.6657e-01  |  5.00e-03   |    0.00     
    15900    |    64603    |    69.52    | 3.6392e-01  | 1.1257e-01  |  5.00e-03   |    0.00     
    16000    |    64990    |    69.92    | 3.6158e-01  | 1.7645e-01  |  5.00e-03   |    0.00     
    16100    |    65377    |    70.32    | 3.5924e-01  | 1.7623e-01  |  1.00e-02   |    0.00     
    16200    |    65764    |    70.72    | 3.5690e-01  | 1.0530e-01  |  5.00e-03   |    0.00     
    16300    |    66150    |    71.12    | 3.5460e-01  | 1.0478e-01  |  5.00e-03   |    0.00     
    16400    |    66535    |    71.52    | 3.5233e-01  | 1.6756e-01  |  1.00e-02   |    0.00     
    16500    |    66920    |    71.92    | 3.5006e-01  | 1.7494e-01  |  1.00e-02   |    0.00     
    16600    |    67305    |    72.32    | 3.4780e-01  | 1.1937e-01  |  5.00e-03   |    0.00     
    16700    |    67689    |    72.72    | 3.4557e-01  | 1.2358e-01  |  5.00e-03   |    0.00     
    16800    |    68072    |    73.11    | 3.4337e-01  | 1.7675e-01  |  1.00e-02   |    0.00     
    16900    |    68456    |    73.51    | 3.4115e-01  | 9.0172e-02  |  5.00e-03   |    0.00     
    17000    |    68839    |    73.90    | 3.3899e-01  | 1.0607e-01  |  5.00e-03   |    0.00     
    17100    |    69221    |    74.30    | 3.3684e-01  | 1.6457e-01  |  1.00e-02   |    0.00     
    17200    |    69603    |    74.69    | 3.3471e-01  | 1.7914e-01  |  1.00e-02   |    0.00     
    17300    |    69985    |    75.08    | 3.3257e-01  | 1.2014e-01  |  5.00e-03   |    0.00     
    17400    |    70366    |    75.47    | 3.3047e-01  | 1.4130e-01  |  5.00e-03   |    0.00     
    17500    |    70747    |    75.86    | 3.2838e-01  | 1.0226e-01  |  5.00e-03   |    0.00     
    17600    |    71127    |    76.25    | 3.2631e-01  | 1.1721e-01  |  5.00e-03   |    0.00     
    17700    |    71507    |    76.64    | 3.2425e-01  | 9.6591e-02  |  5.00e-03   |    0.00     
    17800    |    71886    |    77.03    | 3.2221e-01  | 1.1534e-01  |  5.00e-03   |    0.00     
    17900    |    72265    |    77.42    | 3.2018e-01  | 9.8673e-02  |  5.00e-03   |    0.00     
    18000    |    72643    |    77.80    | 3.1819e-01  | 1.5332e-01  |  1.00e-02   |    0.00     
    18100    |    73021    |    78.19    | 3.1620e-01  | 1.5118e-01  |  1.00e-02   |    0.00     
    18200    |    73399    |    78.57    | 3.1421e-01  | 9.5288e-02  |  5.00e-03   |    0.00     
    18300    |    73776    |    78.96    | 3.1225e-01  | 9.4600e-02  |  5.00e-03   |    0.00     
    18400    |    74152    |    79.34    | 3.1032e-01  | 1.4718e-01  |  1.00e-02   |    0.00     
    18500    |    74528    |    79.72    | 3.0839e-01  | 1.5236e-01  |  1.00e-02   |    0.00     
    18600    |    74904    |    80.10    | 3.0646e-01  | 9.2710e-02  |  5.00e-03   |    0.00     
    18700    |    75279    |    80.48    | 3.0456e-01  | 8.4188e-02  |  5.00e-03   |    0.00     
    18800    |    75654    |    80.86    | 3.0268e-01  | 8.2131e-02  |  5.00e-03   |    0.00     
    18900    |    76029    |    81.24    | 3.0082e-01  | 8.0307e-02  |  5.00e-03   |    0.00     
    19000    |    76403    |    81.62    | 2.9897e-01  | 1.0260e-01  |  5.00e-03   |    0.00     
    19100    |    76777    |    82.00    | 2.9714e-01  | 7.7094e-02  |  5.00e-03   |    0.00     
    19200    |    77150    |    82.37    | 2.9532e-01  | 9.1151e-02  |  5.00e-03   |    0.00     
    19300    |    77523    |    82.75    | 2.9351e-01  | 7.2807e-02  |  5.00e-03   |    0.00     
    19400    |    77895    |    83.12    | 2.9172e-01  | 8.8356e-02  |  5.00e-03   |    0.00     
    19500    |    78267    |    83.50    | 2.8994e-01  | 7.6770e-02  |  5.00e-03   |    0.00     
    19600    |    78638    |    83.87    | 2.8817e-01  | 1.0419e-01  |  5.00e-03   |    0.00     
    19700    |    79009    |    84.24    | 2.8642e-01  | 9.1635e-02  |  5.00e-03   |    0.00     
    19800    |    79379    |    84.61    | 2.8469e-01  | 1.2265e-01  |  1.00e-02   |    0.00     
    19900    |    79749    |    84.98    | 2.8296e-01  | 1.1231e-01  |  5.00e-03   |    0.00     
    20000    |    80119    |    85.35    | 2.8124e-01  | 8.3577e-02  |  5.00e-03   |    0.00     
    20100    |    80488    |    85.72    | 2.7955e-01  | 8.9875e-02  |  5.00e-03   |    0.00     
    20200    |    80857    |    86.09    | 2.7786e-01  | 7.1272e-02  |  5.00e-03   |    0.00     
    20300    |    81225    |    86.46    | 2.7619e-01  | 8.6156e-02  |  5.00e-03   |    0.00     
    20400    |    81593    |    86.83    | 2.7453e-01  | 7.5053e-02  |  5.00e-03   |    0.00     
    20500    |    81960    |    87.19    | 2.7289e-01  | 1.0549e-01  |  5.00e-03   |    0.00     
    20600    |    82327    |    87.56    | 2.7126e-01  | 9.7411e-02  |  5.00e-03   |    0.00     
    20700    |    82694    |    87.92    | 2.6964e-01  | 6.4139e-02  |  5.00e-03   |    0.00     
    20800    |    83060    |    88.29    | 2.6803e-01  | 6.3108e-02  |  5.00e-03   |    0.00     
    20900    |    83425    |    88.65    | 2.6644e-01  | 9.0926e-02  |  5.00e-03   |    0.00     
    21000    |    83790    |    89.01    | 2.6486e-01  | 1.0192e-01  |  5.00e-03   |    0.00     
    21100    |    84155    |    89.37    | 2.6328e-01  | 7.1747e-02  |  5.00e-03   |    0.00     
    21200    |    84519    |    89.73    | 2.6172e-01  | 8.5090e-02  |  5.00e-03   |    0.00     
    21300    |    84883    |    90.09    | 2.6018e-01  | 7.3172e-02  |  5.00e-03   |    0.00     
    21400    |    85246    |    90.45    | 2.5865e-01  | 9.6766e-02  |  1.00e-02   |    0.00     
    21500    |    85609    |    90.81    | 2.5712e-01  | 8.0325e-02  |  5.00e-03   |    0.00     
    21600    |    85971    |    91.16    | 2.5562e-01  | 1.1920e-01  |  1.00e-02   |    0.00     
    21700    |    86334    |    91.52    | 2.5411e-01  | 6.0919e-02  |  5.00e-03   |    0.00     
    21800    |    86695    |    91.87    | 2.5263e-01  | 1.0687e-01  |  1.00e-02   |    0.00     
    21900    |    87056    |    92.23    | 2.5116e-01  | 1.2356e-01  |  1.00e-02   |    0.00     
    22000    |    87417    |    92.58    | 2.4969e-01  | 9.7211e-02  |  1.00e-02   |    0.00     
    22100    |    87777    |    92.93    | 2.4824e-01  | 1.2065e-01  |  1.00e-02   |    0.00     
    22200    |    88137    |    93.28    | 2.4680e-01  | 1.0635e-01  |  1.00e-02   |    0.00     
    22300    |    88497    |    93.64    | 2.4536e-01  | 6.1354e-02  |  5.00e-03   |    0.00     
    22400    |    88856    |    93.98    | 2.4394e-01  | 5.8301e-02  |  5.00e-03   |    0.00     
    22500    |    89214    |    94.33    | 2.4253e-01  | 8.5321e-02  |  1.00e-02   |    0.00     
    22600    |    89572    |    94.68    | 2.4114e-01  | 1.0369e-01  |  1.00e-02   |    0.00     
    22700    |    89930    |    95.03    | 2.3974e-01  | 7.1925e-02  |  5.00e-03   |    0.00     
    22800    |    90287    |    95.38    | 2.3837e-01  | 8.1618e-02  |  5.00e-03   |    0.00     
    22900    |    90644    |    95.72    | 2.3700e-01  | 6.7299e-02  |  5.00e-03   |    0.00     
    23000    |    91000    |    96.07    | 2.3565e-01  | 8.8441e-02  |  1.00e-02   |    0.00     
    23100    |    91356    |    96.41    | 2.3430e-01  | 7.4168e-02  |  5.00e-03   |    0.00     
    23200    |    91711    |    96.75    | 2.3297e-01  | 1.0533e-01  |  1.00e-02   |    0.00     
    23300    |    92066    |    97.09    | 2.3164e-01  | 1.0735e-01  |  1.00e-02   |    0.00     
    23400    |    92421    |    97.44    | 2.3032e-01  | 6.7638e-02  |  5.00e-03   |    0.00     
    23500    |    92775    |    97.78    | 2.2901e-01  | 7.0921e-02  |  5.00e-03   |    0.00     
    23600    |    93128    |    98.12    | 2.2773e-01  | 1.2460e-01  |  1.00e-02   |    0.00     
    23700    |    93482    |    98.46    | 2.2643e-01  | 5.6978e-02  |  5.00e-03   |    0.00     
    23800    |    93834    |    98.80    | 2.2515e-01  | 1.0616e-01  |  1.00e-02   |    0.00     
    23900    |    94186    |    99.13    | 2.2389e-01  | 1.2209e-01  |  1.00e-02   |    0.00     
    24000    |    94538    |    99.47    | 2.2262e-01  | 9.4980e-02  |  1.00e-02   |    0.00     
    24100    |    94889    |    99.81    | 2.2137e-01  | 1.0243e-01  |  1.00e-02   |    0.00     
    24200    |    95239    |   100.14    | 2.2013e-01  | 1.0918e-01  |  1.00e-02   |    0.00     
    24300    |    95589    |   100.47    | 2.1889e-01  | 8.6303e-02  |  1.00e-02   |    0.00     
    24400    |    95939    |   100.81    | 2.1766e-01  | 7.0029e-02  |  1.00e-02   |    0.00     
    24500    |    96289    |   101.14    | 2.1645e-01  | 6.9748e-02  |  5.00e-03   |    0.00     
    24600    |    96639    |   101.47    | 2.1525e-01  | 7.0166e-02  |  5.00e-03   |    0.00     
    24700    |    96989    |   101.80    | 2.1407e-01  | 6.8420e-02  |  5.00e-03   |    0.00     
    24800    |    97339    |   102.14    | 2.1289e-01  | 6.3467e-02  |  5.00e-03   |    0.00     
    24900    |    97688    |   102.47    | 2.1172e-01  | 6.0646e-02  |  5.00e-03   |    0.00     
    25000    |    98036    |   102.80    | 2.1057e-01  | 8.3023e-02  |  1.00e-02   |    0.00     
    25100    |    98384    |   103.13    | 2.0941e-01  | 6.8094e-02  |  1.00e-02   |    0.00     
    25200    |    98732    |   103.46    | 2.0826e-01  | 4.8386e-02  |  5.00e-03   |    0.00     
    25300    |    99078    |   103.78    | 2.0713e-01  | 1.0097e-01  |  1.00e-02   |    0.00     
    25400    |    99425    |   104.11    | 2.0600e-01  | 5.5961e-02  |  5.00e-03   |    0.00     
    25500    |    99771    |   104.44    | 2.0487e-01  | 5.4159e-02  |  5.00e-03   |    0.00     
